[decals]
{
	[t:decal,n:*]
	{
		decal_orientation = 0.000000,-1.000000,0.000000,0.000000,0.000000,-1.000000,1.000000,0.000000,0.000000;
		decal_origin = -0.546855,1.000000,-3.842044,0x13FDAA83;
	  f far_plane = 1.100000;
	  x guid = 0x240A1DF7;
	  f horizontal_meters = 4.000000;
	  f lod = 1.000000;
	  f near_plane = 0.100000;
		texture = Art\Bitmaps\Decals\b_d_for01-a.%img%;
	  f vertical_meters = 4.000000;
	}
	[t:decal,n:*]
	{
		decal_orientation = -0.216931,-0.976073,-0.014924,0.000000,0.015288,-0.999883,0.976187,-0.216905,-0.003316;
		decal_origin = -2.874062,-10.955622,-1.511837,0x7BB9120F;
	  f far_plane = 1.100000;
	  x guid = 0xDD8E84B3;
	  f horizontal_meters = 4.000000;
	  f lod = 1.000000;
	  f near_plane = 0.100000;
		texture = Art\Bitmaps\Decals\b_d_for01-a.%img%;
	  f vertical_meters = 4.000000;
	}
	[t:decal,n:*]
	{
		decal_orientation = -0.216931,-0.976073,-0.014924,0.000000,0.015288,-0.999883,0.976187,-0.216905,-0.003316;
		decal_origin = -1.424281,-10.978249,-1.213953,0x7BB9120F;
	  f far_plane = 1.100000;
	  x guid = 0x6FDA30B7;
	  f horizontal_meters = 4.000000;
	  f lod = 1.000000;
	  f near_plane = 0.100000;
		texture = Art\Bitmaps\Decals\b_d_for01-a.%img%;
	  f vertical_meters = 4.000000;
	}
	[t:decal,n:*]
	{
		decal_orientation = 0.842271,-0.538847,-0.014920,0.000000,0.027678,-0.999617,0.539054,0.841949,0.023312;
		decal_origin = -1.902008,-10.940729,0.207858,0x7BB9120F;
	  f far_plane = 1.100000;
	  x guid = 0x9A7E72DB;
	  f horizontal_meters = 4.000000;
	  f lod = 1.000000;
	  f near_plane = 0.100000;
		texture = Art\Bitmaps\Decals\b_d_for01-a.%img%;
	  f vertical_meters = 4.000000;
	}
	[t:decal,n:*]
	{
		decal_orientation = 0.055470,0.998334,0.015871,0.000000,0.015896,-0.999874,-0.998460,0.055463,0.000882;
		decal_origin = 0.833362,-10.987160,-1.682127,0x7BB9120F;
	  f far_plane = 1.100000;
	  x guid = 0x0B4ABC17;
	  f horizontal_meters = 4.000000;
	  f lod = 1.000000;
	  f near_plane = 0.100000;
		texture = Art\Bitmaps\Decals\b_d_for01-a.%img%;
	  f vertical_meters = 4.000000;
	}
	[t:decal,n:*]
	{
		decal_orientation = -0.874791,0.483318,0.033816,0.000000,0.069795,-0.997561,-0.484500,-0.872658,-0.061056;
		decal_origin = 2.583299,-10.947243,-1.418978,0x7BB9120F;
	  f far_plane = 1.100000;
	  x guid = 0x384D0919;
	  f horizontal_meters = 4.000000;
	  f lod = 1.000000;
	  f near_plane = 0.100000;
		texture = Art\Bitmaps\Decals\b_d_for01-a.%img%;
	  f vertical_meters = 4.000000;
	}
	[t:decal,n:*]
	{
		decal_orientation = -0.995197,0.097874,0.001684,0.000000,0.017205,-0.999852,-0.097888,-0.995050,-0.017123;
		decal_origin = 2.428858,-10.973786,0.226634,0x7BB9120F;
	  f far_plane = 1.100000;
	  x guid = 0x330E4211;
	  f horizontal_meters = 4.000000;
	  f lod = 1.000000;
	  f near_plane = 0.100000;
		texture = Art\Bitmaps\Decals\b_d_for01-a.%img%;
	  f vertical_meters = 4.000000;
	}
	[t:decal,n:*]
	{
		decal_orientation = 0.038433,0.999135,0.015871,0.000000,0.015883,-0.999874,-0.999261,0.038428,0.000610;
		decal_origin = 0.017191,-10.998885,0.074351,0x7BB9120F;
	  f far_plane = 1.100000;
	  x guid = 0xAF202836;
	  f horizontal_meters = 4.000000;
	  f lod = 1.000000;
	  f near_plane = 0.100000;
		texture = Art\Bitmaps\Decals\b_d_for01-a.%img%;
	  f vertical_meters = 4.000000;
	}
	[t:decal,n:*]
	{
		decal_orientation = -1.000000,0.000000,0.000000,0.000000,0.141422,-0.989949,0.000000,-0.989949,-0.141422;
		decal_origin = -1.962430,-10.959466,1.787321,0x7BB9120F;
	  f far_plane = 1.100000;
	  x guid = 0xE89B5CBF;
	  f horizontal_meters = 4.000000;
	  f lod = 1.000000;
	  f near_plane = 0.100000;
		texture = Art\Bitmaps\Decals\b_d_for01-a.%img%;
	  f vertical_meters = 4.000000;
	}
}
