[decals]
{
	[t:decal,n:*]
	{
		decal_orientation = 0.000000,-1.000000,0.000000,0.000000,0.000000,-1.000000,1.000000,0.000000,0.000000;
		decal_origin = -1.967428,1.000000,-0.994217,0xD6FAEEFF;
	  f far_plane = 1.100000;
	  x guid = 0x6713D576;
	  f horizontal_meters = 4.000000;
	  f lod = 1.000000;
	  f near_plane = 0.100000;
		texture = Art\Bitmaps\Decals\b_d_for01-a.%img%;
	  f vertical_meters = 4.000000;
	}
	[t:decal,n:*]
	{
		decal_orientation = 0.000000,-1.000000,0.000000,0.000000,0.000000,-1.000000,1.000000,0.000000,0.000000;
		decal_origin = -1.360757,1.049999,1.760031,0x269BFA42;
	  f far_plane = 1.100000;
	  x guid = 0x3C6F4856;
	  f horizontal_meters = 4.000000;
	  f lod = 1.000000;
	  f near_plane = 0.100000;
		texture = Art\Bitmaps\Decals\b_d_for01-a.%img%;
	  f vertical_meters = 4.000000;
	}
	[t:decal,n:*]
	{
		decal_orientation = 0.000000,-1.000000,0.000000,0.000000,0.000000,-1.000000,1.000000,0.000000,0.000000;
		decal_origin = -0.378740,1.050001,1.851115,0x269BFA42;
	  f far_plane = 1.100000;
	  x guid = 0x707C6FF4;
	  f horizontal_meters = 4.000000;
	  f lod = 1.000000;
	  f near_plane = 0.100000;
		texture = Art\Bitmaps\Decals\b_d_for01-a.%img%;
	  f vertical_meters = 4.000000;
	}
	[t:decal,n:*]
	{
		decal_orientation = 0.157432,-0.941201,-0.298923,0.000000,0.302697,-0.953087,0.987530,0.150047,0.047654;
		decal_origin = 1.984878,0.468233,-1.714655,0x269BFA42;
	  f far_plane = 1.100000;
	  x guid = 0xAB55452B;
	  f horizontal_meters = 4.000000;
	  f lod = 1.000000;
	  f near_plane = 0.100000;
		texture = Art\Bitmaps\Decals\b_d_for01-a.%img%;
	  f vertical_meters = 4.000000;
	}
	[t:decal,n:*]
	{
		decal_orientation = 0.928477,-0.326991,-0.176090,0.000000,0.474137,-0.880451,0.371391,0.817478,0.440225;
		decal_origin = 1.782013,0.532528,-0.993702,0x269BFA42;
	  f far_plane = 1.100000;
	  x guid = 0xE206795E;
	  f horizontal_meters = 4.000000;
	  f lod = 1.000000;
	  f near_plane = 0.100000;
		texture = Art\Bitmaps\Decals\b_d_for01-a.%img%;
	  f vertical_meters = 4.000000;
	}
	[t:decal,n:*]
	{
		decal_orientation = 0.998752,0.049875,0.002497,0.000000,0.050000,-0.998749,-0.049938,0.997503,0.049937;
		decal_origin = 3.849241,0.427235,-1.472780,0x1A7CA8B8;
	  f far_plane = 1.100000;
	  x guid = 0xDC8022D6;
	  f horizontal_meters = 4.000000;
	  f lod = 1.000000;
	  f near_plane = 0.100000;
		texture = Art\Bitmaps\Decals\b_d_for01-a.%img%;
	  f vertical_meters = 4.000000;
	}
	[t:decal,n:*]
	{
		decal_orientation = 0.600000,-0.759941,-0.249980,0.000000,0.312476,-0.949926,0.800000,0.569955,0.187485;
		decal_origin = -0.052165,0.764408,-1.020302,0x51420BED;
	  f far_plane = 1.100000;
	  x guid = 0x3CA0A8F7;
	  f horizontal_meters = 4.000000;
	  f lod = 1.000000;
	  f near_plane = 0.100000;
		texture = Art\Bitmaps\Decals\b_d_for01-a.%img%;
	  f vertical_meters = 4.000000;
	}
	[t:decal,n:*]
	{
		decal_orientation = -0.533993,-0.829580,-0.163244,0.000000,0.193077,-0.981184,0.845489,-0.523945,-0.103102;
		decal_origin = 0.277579,0.734909,-1.161721,0x51420BED;
	  f far_plane = 1.100000;
	  x guid = 0xB2F837CC;
	  f horizontal_meters = 4.000000;
	  f lod = 1.000000;
	  f near_plane = 0.100000;
		texture = Art\Bitmaps\Decals\b_d_for01-a.%img%;
	  f vertical_meters = 4.000000;
	}
	[t:decal,n:*]
	{
		decal_orientation = 0.863779,-0.446627,-0.233261,0.000000,0.462937,-0.886391,0.503871,0.765646,0.399876;
		decal_origin = 0.831240,0.571314,-0.918787,0x51420BED;
	  f far_plane = 1.100000;
	  x guid = 0x4207BAF0;
	  f horizontal_meters = 4.000000;
	  f lod = 1.000000;
	  f near_plane = 0.100000;
		texture = Art\Bitmaps\Decals\b_d_for01-a.%img%;
	  f vertical_meters = 4.000000;
	}
	[t:decal,n:*]
	{
		decal_orientation = 0.000000,-1.000000,0.000000,0.000000,0.000000,-1.000000,1.000000,0.000000,0.000000;
		decal_origin = 3.375216,1.000001,0.040651,0x49C4ABD3;
	  f far_plane = 1.100000;
	  x guid = 0xB4540CF9;
	  f horizontal_meters = 4.000000;
	  f lod = 1.000000;
	  f near_plane = 0.100000;
		texture = Art\Bitmaps\Decals\b_d_for01-a.%img%;
	  f vertical_meters = 4.000000;
	}
	[t:decal,n:*]
	{
		decal_orientation = 0.000000,-1.000000,0.000000,0.000000,0.000000,-1.000000,1.000000,0.000000,0.000000;
		decal_origin = 3.640469,1.000001,-1.553427,0x49C4ABD3;
	  f far_plane = 1.100000;
	  x guid = 0x6E60FC49;
	  f horizontal_meters = 4.000000;
	  f lod = 1.000000;
	  f near_plane = 0.100000;
		texture = Art\Bitmaps\Decals\b_d_for01-a.%img%;
	  f vertical_meters = 4.000000;
	}
	[t:decal,n:*]
	{
		decal_orientation = 0.000000,-1.000000,0.000000,0.000000,0.000000,-1.000000,1.000000,0.000000,0.000000;
		decal_origin = 1.380826,1.000000,1.407283,0x49C4ABD3;
	  f far_plane = 1.100000;
	  x guid = 0x9B349543;
	  f horizontal_meters = 4.000000;
	  f lod = 1.000000;
	  f near_plane = 0.100000;
		texture = Art\Bitmaps\Decals\b_d_for01-a.%img%;
	  f vertical_meters = 4.000000;
	}
	[t:decal,n:*]
	{
		decal_orientation = 0.707107,-0.615458,-0.348155,0.000000,0.492366,-0.870388,0.707107,0.615457,0.348155;
		decal_origin = -3.290913,0.709858,-0.013547,0x8671071D;
	  f far_plane = 1.100000;
	  x guid = 0x3B2F8AF7;
	  f horizontal_meters = 4.000000;
	  f lod = 1.000000;
	  f near_plane = 0.100000;
		texture = Art\Bitmaps\Decals\b_d_for01-a.%img%;
	  f vertical_meters = 4.000000;
	}
	[t:decal,n:*]
	{
		decal_orientation = 0.000000,-1.000000,0.000000,0.000000,0.000000,-1.000000,1.000000,0.000000,0.000000;
		decal_origin = -2.231317,1.050000,1.326379,0x8671071D;
	  f far_plane = 1.100000;
	  x guid = 0x34E22E21;
	  f horizontal_meters = 4.000000;
	  f lod = 1.000000;
	  f near_plane = 0.100000;
		texture = Art\Bitmaps\Decals\b_d_for01-a.%img%;
	  f vertical_meters = 4.000000;
	}
	[t:decal,n:*]
	{
		decal_orientation = 0.967617,0.239566,0.079531,0.000000,0.315071,-0.949068,-0.252422,0.918335,0.304868;
		decal_origin = -2.122484,0.759836,-0.115797,0x8671071D;
	  f far_plane = 1.100000;
	  x guid = 0xD6551D0E;
	  f horizontal_meters = 4.000000;
	  f lod = 1.000000;
	  f near_plane = 0.100000;
		texture = Art\Bitmaps\Decals\b_d_for01-a.%img%;
	  f vertical_meters = 4.000000;
	}
	[t:decal,n:*]
	{
		decal_orientation = 0.955779,0.152140,0.251674,0.000000,0.855786,-0.517331,-0.294086,0.494454,0.817942;
		decal_origin = -2.854542,0.279581,-0.387946,0x8671071D;
	  f far_plane = 1.100000;
	  x guid = 0xD6EF4994;
	  f horizontal_meters = 4.000000;
	  f lod = 1.000000;
	  f near_plane = 0.100000;
		texture = Art\Bitmaps\Decals\b_d_for01-a.%img%;
	  f vertical_meters = 4.000000;
	}
	[t:decal,n:*]
	{
		decal_orientation = 0.000000,-1.000000,0.000000,0.000000,0.000000,-1.000000,1.000000,0.000000,0.000000;
		decal_origin = -2.479879,0.850000,0.797767,0x8671071D;
	  f far_plane = 1.100000;
	  x guid = 0x41A5BFD0;
	  f horizontal_meters = 4.000000;
	  f lod = 1.000000;
	  f near_plane = 0.100000;
		texture = Art\Bitmaps\Decals\b_d_for01-a.%img%;
	  f vertical_meters = 4.000000;
	}
	[t:decal,n:*]
	{
		decal_orientation = 1.000000,0.000000,0.000000,0.000000,0.049938,-0.998752,0.000000,0.998752,0.049938;
		decal_origin = -3.893226,0.445812,-1.108720,0x8671071D;
	  f far_plane = 1.100000;
	  x guid = 0x20E83A58;
	  f horizontal_meters = 4.000000;
	  f lod = 1.000000;
	  f near_plane = 0.100000;
		texture = Art\Bitmaps\Decals\b_d_for01-a.%img%;
	  f vertical_meters = 4.000000;
	}
	[t:decal,n:*]
	{
		decal_orientation = 1.000000,0.000000,0.000000,0.000000,0.049938,-0.998752,0.000000,0.998752,0.049938;
		decal_origin = -2.388730,0.403997,-1.945066,0x8671071D;
	  f far_plane = 1.100000;
	  x guid = 0x4D65DB4A;
	  f horizontal_meters = 4.000000;
	  f lod = 1.000000;
	  f near_plane = 0.100000;
		texture = Art\Bitmaps\Decals\b_d_for01-a.%img%;
	  f vertical_meters = 4.000000;
	}
	[t:decal,n:*]
	{
		decal_orientation = 0.000000,-1.000000,0.000000,0.000000,0.000000,-1.000000,1.000000,0.000000,0.000000;
		decal_origin = -1.584768,1.000000,1.586257,0xCDCA9E70;
	  f far_plane = 1.100000;
	  x guid = 0x9EE5FD10;
	  f horizontal_meters = 4.000000;
	  f lod = 1.000000;
	  f near_plane = 0.100000;
		texture = Art\Bitmaps\Decals\b_d_for01-a.%img%;
	  f vertical_meters = 4.000000;
	}
	[t:decal,n:*]
	{
		decal_orientation = 0.000000,-1.000000,0.000000,0.000000,0.000000,-1.000000,1.000000,0.000000,0.000000;
		decal_origin = -1.683715,0.999999,-0.184683,0xCDCA9E70;
	  f far_plane = 1.100000;
	  x guid = 0xA7BAE297;
	  f horizontal_meters = 4.000000;
	  f lod = 1.000000;
	  f near_plane = 0.100000;
		texture = Art\Bitmaps\Decals\b_d_for01-a.%img%;
	  f vertical_meters = 4.000000;
	}
	[t:decal,n:*]
	{
		decal_orientation = 0.000000,-1.000000,0.000000,0.000000,0.000000,-1.000000,1.000000,0.000000,0.000000;
		decal_origin = -1.556212,1.000000,-1.504233,0xCDCA9E70;
	  f far_plane = 1.100000;
	  x guid = 0xF7E0E547;
	  f horizontal_meters = 4.000000;
	  f lod = 1.000000;
	  f near_plane = 0.100000;
		texture = Art\Bitmaps\Decals\b_d_for01-a.%img%;
	  f vertical_meters = 4.000000;
	}
	[t:decal,n:*]
	{
		decal_orientation = 0.000000,-1.000000,0.000000,0.000000,0.000000,-1.000000,1.000000,0.000000,0.000000;
		decal_origin = 0.046434,1.000000,-1.463776,0xCDCA9E70;
	  f far_plane = 1.100000;
	  x guid = 0x0433526C;
	  f horizontal_meters = 4.000000;
	  f lod = 1.000000;
	  f near_plane = 0.100000;
		texture = Art\Bitmaps\Decals\b_d_for01-a.%img%;
	  f vertical_meters = 4.000000;
	}
	[t:decal,n:*]
	{
		decal_orientation = 0.000000,-1.000000,0.000000,0.000000,0.000000,-1.000000,1.000000,0.000000,0.000000;
		decal_origin = 1.296470,1.000000,-1.517682,0xCDCA9E70;
	  f far_plane = 1.100000;
	  x guid = 0xE1382623;
	  f horizontal_meters = 4.000000;
	  f lod = 1.000000;
	  f near_plane = 0.100000;
		texture = Art\Bitmaps\Decals\b_d_for01-a.%img%;
	  f vertical_meters = 4.000000;
	}
	[t:decal,n:*]
	{
		decal_orientation = 0.000000,-1.000000,0.000000,0.000000,0.000000,-1.000000,1.000000,0.000000,0.000000;
		decal_origin = 1.438211,1.000000,0.147367,0xCDCA9E70;
	  f far_plane = 1.100000;
	  x guid = 0xA62EC737;
	  f horizontal_meters = 4.000000;
	  f lod = 1.000000;
	  f near_plane = 0.100000;
		texture = Art\Bitmaps\Decals\b_d_for01-a.%img%;
	  f vertical_meters = 4.000000;
	}
	[t:decal,n:*]
	{
		decal_orientation = 0.000000,-1.000000,0.000000,0.000000,0.000000,-1.000000,1.000000,0.000000,0.000000;
		decal_origin = 1.367268,1.000000,1.472526,0xCDCA9E70;
	  f far_plane = 1.100000;
	  x guid = 0x9E1C438F;
	  f horizontal_meters = 4.000000;
	  f lod = 1.000000;
	  f near_plane = 0.100000;
		texture = Art\Bitmaps\Decals\b_d_for01-a.%img%;
	  f vertical_meters = 4.000000;
	}
	[t:decal,n:*]
	{
		decal_orientation = 0.000000,-1.000000,0.000000,0.000000,0.000000,-1.000000,1.000000,0.000000,0.000000;
		decal_origin = 0.334907,1.000000,1.306529,0xCDCA9E70;
	  f far_plane = 1.100000;
	  x guid = 0x734B1579;
	  f horizontal_meters = 4.000000;
	  f lod = 1.000000;
	  f near_plane = 0.100000;
		texture = Art\Bitmaps\Decals\b_d_for01-a.%img%;
	  f vertical_meters = 4.000000;
	}
	[t:decal,n:*]
	{
		decal_orientation = 0.000000,-0.996546,-0.083045,0.000000,0.083045,-0.996546,1.000000,0.000000,0.000000;
		decal_origin = -1.566985,0.467382,-0.398382,0x9B98DC0B;
	  f far_plane = 1.100000;
	  x guid = 0xF526138E;
	  f horizontal_meters = 4.000000;
	  f lod = 1.000000;
	  f near_plane = 0.100000;
		texture = Art\Bitmaps\Decals\b_d_for01-a.%img%;
	  f vertical_meters = 4.000000;
	}
	[t:decal,n:*]
	{
		decal_orientation = 0.000000,-1.000000,0.000000,0.000000,0.000000,-1.000000,1.000000,0.000000,0.000000;
		decal_origin = 3.770391,1.050000,1.985223,0x2DE41AAD;
	  f far_plane = 1.100000;
	  x guid = 0x2FE0CAE7;
	  f horizontal_meters = 4.000000;
	  f lod = 1.000000;
	  f near_plane = 0.100000;
		texture = Art\Bitmaps\Decals\b_d_for01-a.%img%;
	  f vertical_meters = 4.000000;
	}
	[t:decal,n:*]
	{
		decal_orientation = 0.000000,-1.000000,0.000000,0.000000,0.000000,-1.000000,1.000000,0.000000,0.000000;
		decal_origin = 2.094243,1.050000,1.501455,0x2DE41AAD;
	  f far_plane = 1.100000;
	  x guid = 0x92474DE9;
	  f horizontal_meters = 4.000000;
	  f lod = 1.000000;
	  f near_plane = 0.100000;
		texture = Art\Bitmaps\Decals\b_d_for01-a.%img%;
	  f vertical_meters = 4.000000;
	}
	[t:decal,n:*]
	{
		decal_orientation = 0.707107,0.678280,0.199840,0.000000,0.282617,-0.959233,-0.707107,0.678280,0.199840;
		decal_origin = 3.320771,0.756524,0.026542,0x2DE41AAD;
	  f far_plane = 1.100000;
	  x guid = 0x2BBE84D1;
	  f horizontal_meters = 4.000000;
	  f lod = 1.000000;
	  f near_plane = 0.100000;
		texture = Art\Bitmaps\Decals\b_d_for01-a.%img%;
	  f vertical_meters = 4.000000;
	}
	[t:decal,n:*]
	{
		decal_orientation = 0.000000,-1.000000,0.000000,0.000000,0.000000,-1.000000,1.000000,0.000000,0.000000;
		decal_origin = 3.936304,0.850000,0.590116,0x2DE41AAD;
	  f far_plane = 1.100000;
	  x guid = 0x59593012;
	  f horizontal_meters = 4.000000;
	  f lod = 1.000000;
	  f near_plane = 0.100000;
		texture = Art\Bitmaps\Decals\b_d_for01-a.%img%;
	  f vertical_meters = 4.000000;
	}
	[t:decal,n:*]
	{
		decal_orientation = 0.000000,-1.000000,0.000000,0.000000,0.000000,-1.000000,1.000000,0.000000,0.000000;
		decal_origin = -0.481148,1.049997,0.305929,0x2DE41AAD;
	  f far_plane = 1.100000;
	  x guid = 0x0658A2EA;
	  f horizontal_meters = 4.000000;
	  f lod = 1.000000;
	  f near_plane = 0.100000;
		texture = Art\Bitmaps\Decals\b_d_for01-a.%img%;
	  f vertical_meters = 4.000000;
	}
	[t:decal,n:*]
	{
		decal_orientation = 1.000000,0.000000,0.000000,0.000000,0.406138,-0.913812,0.000000,0.913812,0.406138;
		decal_origin = -0.090500,0.702217,-1.657225,0x98C2F5E4;
	  f far_plane = 1.100000;
	  x guid = 0x85F6CB26;
	  f horizontal_meters = 4.000000;
	  f lod = 1.000000;
	  f near_plane = 0.100000;
		texture = Art\Bitmaps\Decals\b_d_for01-a.%img%;
	  f vertical_meters = 4.000000;
	}
	[t:decal,n:*]
	{
		decal_orientation = 0.994533,-0.101556,-0.024313,0.000000,0.232825,-0.972519,0.104426,0.967202,0.231552;
		decal_origin = 0.293907,0.648457,-1.254301,0x98C2F5E4;
	  f far_plane = 1.100000;
	  x guid = 0x29918BA3;
	  f horizontal_meters = 4.000000;
	  f lod = 1.000000;
	  f near_plane = 0.100000;
		texture = Art\Bitmaps\Decals\b_d_for01-a.%img%;
	  f vertical_meters = 4.000000;
	}
	[t:decal,n:*]
	{
		decal_orientation = 0.998868,0.045555,0.013682,0.000000,0.287647,-0.957737,-0.047565,0.956653,0.287321;
		decal_origin = -1.532849,0.519303,-1.104998,0xD2FEFB1E;
	  f far_plane = 1.100000;
	  x guid = 0x81978EE2;
	  f horizontal_meters = 4.000000;
	  f lod = 1.000000;
	  f near_plane = 0.100000;
		texture = Art\Bitmaps\Decals\b_d_for01-a.%img%;
	  f vertical_meters = 4.000000;
	}
	[t:decal,n:*]
	{
		decal_orientation = 0.998969,-0.040785,-0.019960,0.000000,0.439576,-0.898205,0.045408,0.897279,0.439123;
		decal_origin = 0.258312,0.277172,-1.332678,0xD2FEFB1E;
	  f far_plane = 1.100000;
	  x guid = 0x7607C81F;
	  f horizontal_meters = 4.000000;
	  f lod = 1.000000;
	  f near_plane = 0.100000;
		texture = Art\Bitmaps\Decals\b_d_for01-a.%img%;
	  f vertical_meters = 4.000000;
	}
	[t:decal,n:*]
	{
		decal_orientation = 0.995893,-0.090422,-0.004540,0.000000,0.050143,-0.998742,0.090536,0.994640,0.049937;
		decal_origin = 1.309891,0.486597,-1.355980,0xD2FEFB1E;
	  f far_plane = 1.100000;
	  x guid = 0xB2F7A9BC;
	  f horizontal_meters = 4.000000;
	  f lod = 1.000000;
	  f near_plane = 0.100000;
		texture = Art\Bitmaps\Decals\b_d_for01-a.%img%;
	  f vertical_meters = 4.000000;
	}
	[t:decal,n:*]
	{
		decal_orientation = 0.000000,-1.000000,0.000000,0.000000,0.000000,-1.000000,1.000000,0.000000,0.000000;
		decal_origin = 1.775545,0.900001,0.187742,0xD2FEFB1E;
	  f far_plane = 1.100000;
	  x guid = 0xEF81A20F;
	  f horizontal_meters = 4.000000;
	  f lod = 1.000000;
	  f near_plane = 0.100000;
		texture = Art\Bitmaps\Decals\b_d_for01-a.%img%;
	  f vertical_meters = 4.000000;
	}
	[t:decal,n:*]
	{
		decal_orientation = 0.928477,0.326991,0.176090,0.000000,0.474137,-0.880451,-0.371391,0.817478,0.440226;
		decal_origin = 1.747303,0.696437,-0.577609,0xD2FEFB1E;
	  f far_plane = 1.100000;
	  x guid = 0xFF08BD08;
	  f horizontal_meters = 4.000000;
	  f lod = 1.000000;
	  f near_plane = 0.100000;
		texture = Art\Bitmaps\Decals\b_d_for01-a.%img%;
	  f vertical_meters = 4.000000;
	}
	[t:decal,n:*]
	{
		decal_orientation = 0.928477,0.326991,0.176090,0.000000,0.474137,-0.880451,-0.371391,0.817478,0.440226;
		decal_origin = 1.799416,0.682559,-0.626211,0xD2FEFB1E;
	  f far_plane = 1.100000;
	  x guid = 0x1A039E8A;
	  f horizontal_meters = 4.000000;
	  f lod = 1.000000;
	  f near_plane = 0.100000;
		texture = Art\Bitmaps\Decals\b_d_for01-a.%img%;
	  f vertical_meters = 4.000000;
	}
	[t:decal,n:*]
	{
		decal_orientation = 0.000000,-1.000000,0.000000,0.000000,0.000000,-1.000000,1.000000,0.000000,0.000000;
		decal_origin = -3.589258,1.050001,0.962338,0x00CC2890;
	  f far_plane = 1.100000;
	  x guid = 0x3114BA8B;
	  f horizontal_meters = 4.000000;
	  f lod = 1.000000;
	  f near_plane = 0.100000;
		texture = Art\Bitmaps\Decals\b_d_for01-a.%img%;
	  f vertical_meters = 4.000000;
	}
	[t:decal,n:*]
	{
		decal_orientation = 0.707107,-0.615458,-0.348155,0.000000,0.492366,-0.870388,0.707107,0.615457,0.348155;
		decal_origin = -3.006531,0.579718,-0.054518,0x00CC2890;
	  f far_plane = 1.100000;
	  x guid = 0xCBCFEF81;
	  f horizontal_meters = 4.000000;
	  f lod = 1.000000;
	  f near_plane = 0.100000;
		texture = Art\Bitmaps\Decals\b_d_for01-a.%img%;
	  f vertical_meters = 4.000000;
	}
	[t:decal,n:*]
	{
		decal_orientation = 0.051655,0.801010,0.596419,0.000000,0.597216,-0.802080,-0.998665,0.041431,0.030849;
		decal_origin = -2.981512,0.362562,0.186883,0x00CC2890;
	  f far_plane = 1.100000;
	  x guid = 0xDB14F51D;
	  f horizontal_meters = 4.000000;
	  f lod = 1.000000;
	  f near_plane = 0.100000;
		texture = Art\Bitmaps\Decals\b_d_for01-a.%img%;
	  f vertical_meters = 4.000000;
	}
	[t:decal,n:*]
	{
		decal_orientation = 0.000000,-1.000000,0.000000,0.000000,0.000000,-1.000000,1.000000,0.000000,0.000000;
		decal_origin = -2.511265,1.050001,1.975083,0x00CC2890;
	  f far_plane = 1.100000;
	  x guid = 0x4B66EB70;
	  f horizontal_meters = 4.000000;
	  f lod = 1.000000;
	  f near_plane = 0.100000;
		texture = Art\Bitmaps\Decals\b_d_for01-a.%img%;
	  f vertical_meters = 4.000000;
	}
	[t:decal,n:*]
	{
		decal_orientation = 0.000000,-1.000000,0.000000,0.000000,0.000000,-1.000000,1.000000,0.000000,0.000000;
		decal_origin = -1.991682,0.900000,0.696270,0x23C58531;
	  f far_plane = 1.100000;
	  x guid = 0xB0399AE2;
	  f horizontal_meters = 4.000000;
	  f lod = 1.000000;
	  f near_plane = 0.100000;
		texture = Art\Bitmaps\Decals\b_d_for01-a.%img%;
	  f vertical_meters = 4.000000;
	}
	[t:decal,n:*]
	{
		decal_orientation = 0.000000,-0.992877,-0.119145,0.000000,0.119145,-0.992877,1.000000,0.000000,0.000000;
		decal_origin = -0.460460,0.448430,-0.831760,0x23C58531;
	  f far_plane = 1.100000;
	  x guid = 0x8C3B5856;
	  f horizontal_meters = 4.000000;
	  f lod = 1.000000;
	  f near_plane = 0.100000;
		texture = Art\Bitmaps\Decals\b_d_for01-a.%img%;
	  f vertical_meters = 4.000000;
	}
	[t:decal,n:*]
	{
		decal_orientation = 0.998969,-0.040785,-0.019960,0.000000,0.439576,-0.898205,0.045408,0.897279,0.439123;
		decal_origin = 0.240980,0.292958,-1.301175,0x23C58531;
	  f far_plane = 1.100000;
	  x guid = 0x60FE6F7A;
	  f horizontal_meters = 4.000000;
	  f lod = 1.000000;
	  f near_plane = 0.100000;
		texture = Art\Bitmaps\Decals\b_d_for01-a.%img%;
	  f vertical_meters = 4.000000;
	}
}
