[decals]
{
	[t:decal,n:*]
	{
		decal_orientation = 0.000000,-1.000000,0.000000,0.000000,0.000000,-1.000000,1.000000,0.000000,0.000000;
		decal_origin = 1.492489,1.000000,1.606997,0x9D18F4EB;
	  f far_plane = 1.100000;
	  x guid = 0x57D0FE4C;
	  f horizontal_meters = 4.000000;
	  f lod = 1.000000;
	  f near_plane = 0.100000;
		texture = Art\Bitmaps\Decals\b_d_sand-desert.%img%;
	  f vertical_meters = 4.000000;
	}
	[t:decal,n:*]
	{
		decal_orientation = 0.000000,-1.000000,0.000000,0.000000,0.000000,-1.000000,1.000000,0.000000,0.000000;
		decal_origin = 1.356004,1.000000,-0.079241,0x9D18F4EB;
	  f far_plane = 1.100000;
	  x guid = 0xE32EBA45;
	  f horizontal_meters = 4.000000;
	  f lod = 1.000000;
	  f near_plane = 0.100000;
		texture = Art\Bitmaps\Decals\b_d_sand-desert.%img%;
	  f vertical_meters = 4.000000;
	}
	[t:decal,n:*]
	{
		decal_orientation = 0.000000,-1.000000,0.000000,0.000000,0.000000,-1.000000,1.000000,0.000000,0.000000;
		decal_origin = 1.187724,1.000000,-1.279069,0x9D18F4EB;
	  f far_plane = 1.100000;
	  x guid = 0x2D863B56;
	  f horizontal_meters = 4.000000;
	  f lod = 1.000000;
	  f near_plane = 0.100000;
		texture = Art\Bitmaps\Decals\b_d_sand-desert.%img%;
	  f vertical_meters = 4.000000;
	}
	[t:decal,n:*]
	{
		decal_orientation = 0.000000,-1.000000,0.000000,0.000000,0.000000,-1.000000,1.000000,0.000000,0.000000;
		decal_origin = -0.959349,1.000000,-1.490757,0x9D18F4EB;
	  f far_plane = 1.100000;
	  x guid = 0xB4A3CFCD;
	  f horizontal_meters = 4.000000;
	  f lod = 1.000000;
	  f near_plane = 0.100000;
		texture = Art\Bitmaps\Decals\b_d_sand-desert.%img%;
	  f vertical_meters = 4.000000;
	}
	[t:decal,n:*]
	{
		decal_orientation = 0.000000,-1.000000,0.000000,0.000000,0.000000,-1.000000,1.000000,0.000000,0.000000;
		decal_origin = -1.150887,1.000000,0.218634,0x9D18F4EB;
	  f far_plane = 1.100000;
	  x guid = 0xD22B0FCF;
	  f horizontal_meters = 4.000000;
	  f lod = 1.000000;
	  f near_plane = 0.100000;
		texture = Art\Bitmaps\Decals\b_d_sand-desert.%img%;
	  f vertical_meters = 4.000000;
	}
	[t:decal,n:*]
	{
		decal_orientation = 0.000000,-1.000000,0.000000,0.000000,0.000000,-1.000000,1.000000,0.000000,0.000000;
		decal_origin = -1.290297,1.000000,1.613570,0x9D18F4EB;
	  f far_plane = 1.100000;
	  x guid = 0x08681A48;
	  f horizontal_meters = 4.000000;
	  f lod = 1.000000;
	  f near_plane = 0.100000;
		texture = Art\Bitmaps\Decals\b_d_sand-desert.%img%;
	  f vertical_meters = 4.000000;
	}
	[t:decal,n:*]
	{
		decal_orientation = 0.000000,-1.000000,0.000000,0.000000,0.000000,-1.000000,1.000000,0.000000,0.000000;
		decal_origin = -0.044168,1.000000,1.141656,0x9D18F4EB;
	  f far_plane = 1.100000;
	  x guid = 0x4778B2AA;
	  f horizontal_meters = 4.000000;
	  f lod = 1.000000;
	  f near_plane = 0.100000;
		texture = Art\Bitmaps\Decals\b_d_sand-desert.%img%;
	  f vertical_meters = 4.000000;
	}
	[t:decal,n:*]
	{
		decal_orientation = 0.000000,-1.000000,0.000000,0.000000,0.000000,-1.000000,1.000000,0.000000,0.000000;
		decal_origin = -1.884251,1.000000,-3.094736,0x5280895D;
	  f far_plane = 1.100000;
	  x guid = 0x3C64C66A;
	  f horizontal_meters = 40.000038;
	  f lod = 1.000000;
	  f near_plane = 0.100000;
		texture = Art\Bitmaps\Decals\b_d_sand-desert.%img%;
	  f vertical_meters = 40.000038;
	}
	[t:decal,n:*]
	{
		decal_orientation = 0.000000,-1.000000,0.000000,0.000000,0.000000,-1.000000,1.000000,0.000000,0.000000;
		decal_origin = -3.988027,1.000000,6.418798,0x525B6DCF;
	  f far_plane = 1.100000;
	  x guid = 0x01924ED4;
	  f horizontal_meters = 4.000000;
	  f lod = 1.000000;
	  f near_plane = 0.100000;
		texture = Art\Bitmaps\Decals\b_d_sand-desert.%img%;
	  f vertical_meters = 4.000000;
	}
	[t:decal,n:*]
	{
		decal_orientation = 1.000000,0.000000,0.000000,0.000000,0.084800,-0.996398,0.000000,0.996398,0.084800;
		decal_origin = 30.548998,-16.652050,-24.966541,0x7757DECE;
	  f far_plane = 1.100000;
	  x guid = 0xEF6ABD27;
	  f horizontal_meters = 4.000000;
	  f lod = 1.000000;
	  f near_plane = 0.100000;
		texture = Art\Bitmaps\Decals\b_d_sand-desert.%img%;
	  f vertical_meters = 4.000000;
	}
	[t:decal,n:*]
	{
		decal_orientation = 1.000000,0.000000,0.000000,0.000000,0.041631,-0.999133,0.000000,0.999133,0.041631;
		decal_origin = 28.498955,-16.640759,-24.699022,0x7757DECE;
	  f far_plane = 1.100000;
	  x guid = 0xAC3832E2;
	  f horizontal_meters = 4.000000;
	  f lod = 1.000000;
	  f near_plane = 0.100000;
		texture = Art\Bitmaps\Decals\b_d_sand-desert.%img%;
	  f vertical_meters = 4.000000;
	}
	[t:decal,n:*]
	{
		decal_orientation = 1.000000,0.000000,0.000000,0.000000,0.041631,-0.999133,0.000000,0.999133,0.041631;
		decal_origin = 27.224037,-16.614471,-24.068108,0x7757DECE;
	  f far_plane = 1.100000;
	  x guid = 0x3A915F5B;
	  f horizontal_meters = 4.000000;
	  f lod = 1.000000;
	  f near_plane = 0.100000;
		texture = Art\Bitmaps\Decals\b_d_sand-desert.%img%;
	  f vertical_meters = 4.000000;
	}
	[t:decal,n:*]
	{
		decal_orientation = 0.942415,-0.328976,-0.060242,0.000000,0.180125,-0.983644,0.334447,0.927000,0.169753;
		decal_origin = -10.862624,6.846725,-50.593456,0xBFE5D4DF;
	  f far_plane = 1.100000;
	  x guid = 0xFE3CAD5F;
	  f horizontal_meters = 1.000000;
	  f lod = 1.000000;
	  f near_plane = 0.100000;
		texture = Art\Bitmaps\Decals\b_d_fshade.%img%;
	  f vertical_meters = 1.000000;
	}
	[t:decal,n:*]
	{
		decal_orientation = -0.536328,-0.771305,-0.342697,0.000000,0.406034,-0.913858,0.844010,-0.490127,-0.217767;
		decal_origin = 10.932632,7.374933,9.502075,0xB1CDF95B;
	  f far_plane = 1.100000;
	  x guid = 0x444D2E9A;
	  f horizontal_meters = 1.000000;
	  f lod = 1.000000;
	  f near_plane = 0.100000;
		texture = Art\Bitmaps\Decals\b_d_fshade.%img%;
	  f vertical_meters = 1.000000;
	}
	[t:decal,n:*]
	{
		decal_orientation = 0.985699,0.154939,0.066266,0.000000,0.393233,-0.919439,-0.168514,0.906290,0.387610;
		decal_origin = 1.975403,6.280445,4.966766,0xB1CDF95B;
	  f far_plane = 1.100000;
	  x guid = 0x2D4FE9C9;
	  f horizontal_meters = 1.000000;
	  f lod = 1.000000;
	  f near_plane = 0.100000;
		texture = Art\Bitmaps\Decals\b_d_fshade.%img%;
	  f vertical_meters = 1.000000;
	}
	[t:decal,n:*]
	{
		decal_orientation = 0.961524,-0.271965,-0.038822,0.000000,0.141315,-0.989965,0.274722,0.951875,0.135878;
		decal_origin = -4.101532,5.656826,-1.551880,0xB1CDF95B;
	  f far_plane = 1.100000;
	  x guid = 0x46A01BAB;
	  f horizontal_meters = 1.000000;
	  f lod = 1.000000;
	  f near_plane = 0.100000;
		texture = Art\Bitmaps\Decals\b_d_fshade.%img%;
	  f vertical_meters = 1.000000;
	}
	[t:decal,n:*]
	{
		decal_orientation = -0.938876,-0.291727,-0.182776,0.000000,0.530932,-0.847415,0.344255,-0.795618,-0.498479;
		decal_origin = -14.832611,7.236650,-0.261688,0xB1CDF95B;
	  f far_plane = 1.100000;
	  x guid = 0x2E5C1283;
	  f horizontal_meters = 1.000000;
	  f lod = 1.000000;
	  f near_plane = 0.100000;
		texture = Art\Bitmaps\Decals\b_d_fshade.%img%;
	  f vertical_meters = 1.000000;
	}
	[t:decal,n:*]
	{
		decal_orientation = -0.687745,0.645869,0.331451,0.000000,0.456574,-0.889685,-0.725952,-0.611877,-0.314007;
		decal_origin = -21.443649,9.718063,-6.568237,0xB1CDF95B;
	  f far_plane = 1.100000;
	  x guid = 0x323E3EB9;
	  f horizontal_meters = 1.000000;
	  f lod = 1.000000;
	  f near_plane = 0.100000;
		texture = Art\Bitmaps\Decals\b_d_fshade.%img%;
	  f vertical_meters = 1.000000;
	}
	[t:decal,n:*]
	{
		decal_orientation = -0.707108,0.676342,0.206302,0.000000,0.291755,-0.956493,-0.707106,-0.676343,-0.206302;
		decal_origin = -30.340225,9.774323,-9.508743,0xB1CDF95B;
	  f far_plane = 1.100000;
	  x guid = 0xA4CE51E8;
	  f horizontal_meters = 1.000000;
	  f lod = 1.000000;
	  f near_plane = 0.100000;
		texture = Art\Bitmaps\Decals\b_d_fshade.%img%;
	  f vertical_meters = 1.000000;
	}
	[t:decal,n:*]
	{
		decal_orientation = 0.090734,-0.709261,-0.699082,0.000000,0.701977,-0.712199,0.995875,0.064621,0.063693;
		decal_origin = -40.929459,6.449783,-10.327301,0xB1CDF95B;
	  f far_plane = 1.100000;
	  x guid = 0x28142761;
	  f horizontal_meters = 1.000000;
	  f lod = 1.000000;
	  f near_plane = 0.100000;
		texture = Art\Bitmaps\Decals\b_d_fshade.%img%;
	  f vertical_meters = 1.000000;
	}
	[t:decal,n:*]
	{
		decal_orientation = -0.365652,0.801674,0.472882,0.000000,0.508064,-0.861319,-0.930752,-0.314943,-0.185775;
		decal_origin = -35.500137,6.157284,-8.515984,0xB1CDF95B;
	  f far_plane = 1.100000;
	  x guid = 0x64AA20F8;
	  f horizontal_meters = 1.000000;
	  f lod = 1.000000;
	  f near_plane = 0.100000;
		texture = Art\Bitmaps\Decals\b_d_fshade.%img%;
	  f vertical_meters = 1.000000;
	}
	[t:decal,n:*]
	{
		decal_orientation = 0.000000,0.911922,0.410365,0.000000,0.410365,-0.911922,-1.000000,0.000000,0.000000;
		decal_origin = 13.537536,5.927116,-35.342205,0x5FF7787E;
	  f far_plane = 1.100000;
	  x guid = 0xC391233B;
	  f horizontal_meters = 1.000000;
	  f lod = 1.000000;
	  f near_plane = 0.100000;
		texture = Art\Bitmaps\Decals\b_d_fshade.%img%;
	  f vertical_meters = 1.000000;
	}
	[t:decal,n:*]
	{
		decal_orientation = 0.000000,-0.951034,-0.309086,0.000000,0.309086,-0.951034,1.000000,0.000000,0.000000;
		decal_origin = 7.801841,6.461533,-27.388807,0x5FF7787E;
	  f far_plane = 1.100000;
	  x guid = 0x6421609C;
	  f horizontal_meters = 1.000000;
	  f lod = 1.000000;
	  f near_plane = 0.100000;
		texture = Art\Bitmaps\Decals\b_d_fshade.%img%;
	  f vertical_meters = 1.000000;
	}
	[t:decal,n:*]
	{
		decal_orientation = 0.993884,0.100601,0.045549,0.000000,0.412462,-0.910975,-0.110432,0.905403,0.409939;
		decal_origin = 8.726241,5.159462,-31.935743,0x5FF7787E;
	  f far_plane = 1.100000;
	  x guid = 0x75499876;
	  f horizontal_meters = 1.000000;
	  f lod = 1.000000;
	  f near_plane = 0.100000;
		texture = Art\Bitmaps\Decals\b_d_fshade.%img%;
	  f vertical_meters = 1.000000;
	}
	[t:decal,n:*]
	{
		decal_orientation = -0.447214,-0.872871,-0.195180,0.000000,0.218218,-0.975900,0.894427,-0.436436,-0.097590;
		decal_origin = -10.825171,7.231184,-38.750286,0xEF1E2D2E;
	  f far_plane = 1.100000;
	  x guid = 0x8837BAF8;
	  f horizontal_meters = 1.000000;
	  f lod = 1.000000;
	  f near_plane = 0.100000;
		texture = Art\Bitmaps\Decals\b_d_fshade.%img%;
	  f vertical_meters = 1.000000;
	}
	[t:decal,n:*]
	{
		decal_orientation = -0.576683,-0.724764,-0.377034,0.000000,0.461503,-0.887138,0.816968,-0.511597,-0.266141;
		decal_origin = -4.821395,7.278492,-42.717693,0xEF1E2D2E;
	  f far_plane = 1.100000;
	  x guid = 0x64B9AE43;
	  f horizontal_meters = 1.000000;
	  f lod = 1.000000;
	  f near_plane = 0.100000;
		texture = Art\Bitmaps\Decals\b_d_fshade.%img%;
	  f vertical_meters = 1.000000;
	}
	[t:decal,n:*]
	{
		decal_orientation = -0.999182,-0.034723,-0.020714,0.000000,0.512323,-0.858793,0.040432,-0.858090,-0.511904;
		decal_origin = -1.511192,7.554567,-47.266399,0xEF1E2D2E;
	  f far_plane = 1.100000;
	  x guid = 0x5C565EEC;
	  f horizontal_meters = 1.000000;
	  f lod = 1.000000;
	  f near_plane = 0.100000;
		texture = Art\Bitmaps\Decals\b_d_fshade.%img%;
	  f vertical_meters = 1.000000;
	}
	[t:decal,n:*]
	{
		decal_orientation = 0.153337,0.988174,0.000014,0.000000,0.000014,-1.000000,-0.988174,0.153337,0.000002;
		decal_origin = -0.364540,6.600029,-53.592846,0xEF1E2D2E;
	  f far_plane = 1.100000;
	  x guid = 0x0A0E5BFD;
	  f horizontal_meters = 1.000000;
	  f lod = 1.000000;
	  f near_plane = 0.100000;
		texture = Art\Bitmaps\Decals\b_d_fshade.%img%;
	  f vertical_meters = 1.000000;
	}
	[t:decal,n:*]
	{
		decal_orientation = 0.000000,-1.000000,0.000000,0.000000,0.000000,-1.000000,1.000000,0.000000,0.000000;
		decal_origin = -1.884251,1.000000,-3.094736,0x4C9BE2FE;
	  f far_plane = 1.100000;
	  x guid = 0xC23470B5;
	  f horizontal_meters = 40.000038;
	  f lod = 1.000000;
	  f near_plane = 0.100000;
		texture = Art\Bitmaps\Decals\b_d_sand-desert.%img%;
	  f vertical_meters = 40.000038;
	}
	[t:decal,n:*]
	{
		decal_orientation = 0.000000,-1.000000,0.000000,0.000000,0.000000,-1.000000,1.000000,0.000000,0.000000;
		decal_origin = -4.061567,1.000000,5.764427,0x9E18E630;
	  f far_plane = 1.100000;
	  x guid = 0xAB33B9AD;
	  f horizontal_meters = 4.000000;
	  f lod = 1.000000;
	  f near_plane = 0.100000;
		texture = Art\Bitmaps\Decals\b_d_sand-desert.%img%;
	  f vertical_meters = 4.000000;
	}
	[t:decal,n:*]
	{
		decal_orientation = 0.000000,-1.000000,0.000000,0.000000,0.000000,-1.000000,1.000000,0.000000,0.000000;
		decal_origin = -1.884251,1.000000,-3.094736,0x1E349E68;
	  f far_plane = 1.100000;
	  x guid = 0x8DEADD67;
	  f horizontal_meters = 40.000038;
	  f lod = 1.000000;
	  f near_plane = 0.100000;
		texture = Art\Bitmaps\Decals\b_d_sand-desert.%img%;
	  f vertical_meters = 40.000038;
	}
	[t:decal,n:*]
	{
		decal_orientation = 0.000000,-1.000000,0.000000,0.000000,0.000000,-1.000000,1.000000,0.000000,0.000000;
		decal_origin = -4.219204,0.999998,5.928579,0x43AF6A1E;
	  f far_plane = 1.100000;
	  x guid = 0x693A5DDD;
	  f horizontal_meters = 4.000000;
	  f lod = 1.000000;
	  f near_plane = 0.100000;
		texture = Art\Bitmaps\Decals\b_d_sand-desert.%img%;
	  f vertical_meters = 4.000000;
	}
	[t:decal,n:*]
	{
		decal_orientation = 0.000000,-1.000000,0.000000,0.000000,0.000000,-1.000000,1.000000,0.000000,0.000000;
		decal_origin = -1.884251,1.000000,-3.094736,0x5C4562D2;
	  f far_plane = 1.100000;
	  x guid = 0x76110439;
	  f horizontal_meters = 40.000038;
	  f lod = 1.000000;
	  f near_plane = 0.100000;
		texture = Art\Bitmaps\Decals\b_d_sand-desert.%img%;
	  f vertical_meters = 40.000038;
	}
	[t:decal,n:*]
	{
		decal_orientation = 0.000000,-1.000000,0.000000,0.000000,0.000000,-1.000000,1.000000,0.000000,0.000000;
		decal_origin = -4.036644,1.000002,6.065528,0x68BF6109;
	  f far_plane = 1.100000;
	  x guid = 0xF4B707D2;
	  f horizontal_meters = 4.000000;
	  f lod = 1.000000;
	  f near_plane = 0.100000;
		texture = Art\Bitmaps\Decals\b_d_sand-desert.%img%;
	  f vertical_meters = 4.000000;
	}
	[t:decal,n:*]
	{
		decal_orientation = 0.000000,-1.000000,0.000000,0.000000,0.000000,-1.000000,1.000000,0.000000,0.000000;
		decal_origin = -1.884251,1.000000,-3.094736,0xF0C1C26D;
	  f far_plane = 1.100000;
	  x guid = 0x32095F2C;
	  f horizontal_meters = 40.000038;
	  f lod = 1.000000;
	  f near_plane = 0.100000;
		texture = Art\Bitmaps\Decals\b_d_sand-desert.%img%;
	  f vertical_meters = 40.000038;
	}
	[t:decal,n:*]
	{
		decal_orientation = 0.000000,-1.000000,0.000000,0.000000,0.000000,-1.000000,1.000000,0.000000,0.000000;
		decal_origin = -3.953657,0.999998,6.187271,0xE758D849;
	  f far_plane = 1.100000;
	  x guid = 0x5C067D07;
	  f horizontal_meters = 4.000000;
	  f lod = 1.000000;
	  f near_plane = 0.100000;
		texture = Art\Bitmaps\Decals\b_d_sand-desert.%img%;
	  f vertical_meters = 4.000000;
	}
	[t:decal,n:*]
	{
		decal_orientation = 0.000000,-1.000000,0.000000,0.000000,0.000000,-1.000000,1.000000,0.000000,0.000000;
		decal_origin = -1.884251,1.000000,-3.094736,0x49B5F661;
	  f far_plane = 1.100000;
	  x guid = 0xBE414614;
	  f horizontal_meters = 40.000038;
	  f lod = 1.000000;
	  f near_plane = 0.100000;
		texture = Art\Bitmaps\Decals\b_d_sand-desert.%img%;
	  f vertical_meters = 40.000038;
	}
	[t:decal,n:*]
	{
		decal_orientation = 0.000000,-1.000000,0.000000,0.000000,0.000000,-1.000000,1.000000,0.000000,0.000000;
		decal_origin = -3.993725,1.000000,5.800494,0x37A22BE8;
	  f far_plane = 1.100000;
	  x guid = 0x29883A35;
	  f horizontal_meters = 4.000000;
	  f lod = 1.000000;
	  f near_plane = 0.100000;
		texture = Art\Bitmaps\Decals\b_d_sand-desert.%img%;
	  f vertical_meters = 4.000000;
	}
	[t:decal,n:*]
	{
		decal_orientation = 0.000000,-1.000000,0.000000,0.000000,0.000000,-1.000000,1.000000,0.000000,0.000000;
		decal_origin = -1.884251,1.000000,-3.094736,0x55912869;
	  f far_plane = 1.100000;
	  x guid = 0x81AB28D3;
	  f horizontal_meters = 40.000038;
	  f lod = 1.000000;
	  f near_plane = 0.100000;
		texture = Art\Bitmaps\Decals\b_d_sand-desert.%img%;
	  f vertical_meters = 40.000038;
	}
	[t:decal,n:*]
	{
		decal_orientation = 0.000000,-1.000000,0.000000,0.000000,0.000000,-1.000000,1.000000,0.000000,0.000000;
		decal_origin = -4.354771,1.000000,5.799320,0x2F2CFB5E;
	  f far_plane = 1.100000;
	  x guid = 0x70AE9D30;
	  f horizontal_meters = 4.000000;
	  f lod = 1.000000;
	  f near_plane = 0.100000;
		texture = Art\Bitmaps\Decals\b_d_sand-desert.%img%;
	  f vertical_meters = 4.000000;
	}
	[t:decal,n:*]
	{
		decal_orientation = 0.000000,-1.000000,0.000000,0.000000,0.000000,-1.000000,1.000000,0.000000,0.000000;
		decal_origin = -1.884251,1.000000,-3.094736,0x71A0ED82;
	  f far_plane = 1.100000;
	  x guid = 0xFF338024;
	  f horizontal_meters = 40.000038;
	  f lod = 1.000000;
	  f near_plane = 0.100000;
		texture = Art\Bitmaps\Decals\b_d_sand-desert.%img%;
	  f vertical_meters = 40.000038;
	}
	[t:decal,n:*]
	{
		decal_orientation = 0.000000,-1.000000,0.000000,0.000000,0.000000,-1.000000,1.000000,0.000000,0.000000;
		decal_origin = -4.451645,0.999998,5.792633,0x6EA3518E;
	  f far_plane = 1.100000;
	  x guid = 0xDDDF6EA8;
	  f horizontal_meters = 4.000000;
	  f lod = 1.000000;
	  f near_plane = 0.100000;
		texture = Art\Bitmaps\Decals\b_d_sand-desert.%img%;
	  f vertical_meters = 4.000000;
	}
	[t:decal,n:*]
	{
		decal_orientation = 0.000000,-1.000000,0.000000,0.000000,0.000000,-1.000000,1.000000,0.000000,0.000000;
		decal_origin = -1.884251,1.000000,-3.094736,0xF7428FA5;
	  f far_plane = 1.100000;
	  x guid = 0x3ECABA19;
	  f horizontal_meters = 40.000038;
	  f lod = 1.000000;
	  f near_plane = 0.100000;
		texture = Art\Bitmaps\Decals\b_d_sand-desert.%img%;
	  f vertical_meters = 40.000038;
	}
	[t:decal,n:*]
	{
		decal_orientation = 0.000000,-1.000000,0.000000,0.000000,0.000000,-1.000000,1.000000,0.000000,0.000000;
		decal_origin = -4.017134,1.000000,5.682276,0x0D8BAC7F;
	  f far_plane = 1.100000;
	  x guid = 0xF56DD4C2;
	  f horizontal_meters = 4.000000;
	  f lod = 1.000000;
	  f near_plane = 0.100000;
		texture = Art\Bitmaps\Decals\b_d_sand-desert.%img%;
	  f vertical_meters = 4.000000;
	}
	[t:decal,n:*]
	{
		decal_orientation = 0.000000,-1.000000,0.000000,0.000000,0.000000,-1.000000,1.000000,0.000000,0.000000;
		decal_origin = -1.884251,1.000000,-3.094736,0xCFBE2B8D;
	  f far_plane = 1.100000;
	  x guid = 0xB989E555;
	  f horizontal_meters = 40.000038;
	  f lod = 1.000000;
	  f near_plane = 0.100000;
		texture = Art\Bitmaps\Decals\b_d_sand-desert.%img%;
	  f vertical_meters = 40.000038;
	}
	[t:decal,n:*]
	{
		decal_orientation = 0.000000,-1.000000,0.000000,0.000000,0.000000,-1.000000,1.000000,0.000000,0.000000;
		decal_origin = -4.244026,0.999998,5.721701,0x2F0F304A;
	  f far_plane = 1.100000;
	  x guid = 0xF9E6AD35;
	  f horizontal_meters = 4.000000;
	  f lod = 1.000000;
	  f near_plane = 0.100000;
		texture = Art\Bitmaps\Decals\b_d_sand-desert.%img%;
	  f vertical_meters = 4.000000;
	}
	[t:decal,n:*]
	{
		decal_orientation = 0.000000,-1.000000,0.000000,0.000000,0.000000,-1.000000,1.000000,0.000000,0.000000;
		decal_origin = -1.884251,1.000000,-3.094736,0x0CF7E83D;
	  f far_plane = 1.100000;
	  x guid = 0x4B6B2053;
	  f horizontal_meters = 40.000038;
	  f lod = 1.000000;
	  f near_plane = 0.100000;
		texture = Art\Bitmaps\Decals\b_d_sand-desert.%img%;
	  f vertical_meters = 40.000038;
	}
	[t:decal,n:*]
	{
		decal_orientation = 0.000000,-1.000000,0.000000,0.000000,0.000000,-1.000000,1.000000,0.000000,0.000000;
		decal_origin = -4.829436,1.000000,5.949307,0xBFA1404A;
	  f far_plane = 1.100000;
	  x guid = 0x6AF1D400;
	  f horizontal_meters = 4.000000;
	  f lod = 1.000000;
	  f near_plane = 0.100000;
		texture = Art\Bitmaps\Decals\b_d_sand-desert.%img%;
	  f vertical_meters = 4.000000;
	}
	[t:decal,n:*]
	{
		decal_orientation = 0.000000,-1.000000,0.000000,0.000000,0.000000,-1.000000,1.000000,0.000000,0.000000;
		decal_origin = -1.884251,1.000000,-3.094736,0x4A71EB9D;
	  f far_plane = 1.100000;
	  x guid = 0x12E9FD71;
	  f horizontal_meters = 40.000038;
	  f lod = 1.000000;
	  f near_plane = 0.100000;
		texture = Art\Bitmaps\Decals\b_d_sand-desert.%img%;
	  f vertical_meters = 40.000038;
	}
	[t:decal,n:*]
	{
		decal_orientation = 0.000000,-1.000000,0.000000,0.000000,0.000000,-1.000000,1.000000,0.000000,0.000000;
		decal_origin = -4.180836,0.999998,5.694332,0x57C713C1;
	  f far_plane = 1.100000;
	  x guid = 0xA102E266;
	  f horizontal_meters = 4.000000;
	  f lod = 1.000000;
	  f near_plane = 0.100000;
		texture = Art\Bitmaps\Decals\b_d_sand-desert.%img%;
	  f vertical_meters = 4.000000;
	}
	[t:decal,n:*]
	{
		decal_orientation = 0.000000,-1.000000,0.000000,0.000000,0.000000,-1.000000,1.000000,0.000000,0.000000;
		decal_origin = -1.884251,1.000000,-3.094736,0xEAB8085D;
	  f far_plane = 1.100000;
	  x guid = 0x0DE79BEE;
	  f horizontal_meters = 40.000038;
	  f lod = 1.000000;
	  f near_plane = 0.100000;
		texture = Art\Bitmaps\Decals\b_d_sand-desert.%img%;
	  f vertical_meters = 40.000038;
	}
	[t:decal,n:*]
	{
		decal_orientation = 0.000000,-1.000000,0.000000,0.000000,0.000000,-1.000000,1.000000,0.000000,0.000000;
		decal_origin = -4.095209,0.999998,5.842738,0x46130401;
	  f far_plane = 1.100000;
	  x guid = 0xBA4F15B4;
	  f horizontal_meters = 4.000000;
	  f lod = 1.000000;
	  f near_plane = 0.100000;
		texture = Art\Bitmaps\Decals\b_d_sand-desert.%img%;
	  f vertical_meters = 4.000000;
	}
	[t:decal,n:*]
	{
		decal_orientation = 0.000000,-1.000000,0.000000,0.000000,0.000000,-1.000000,1.000000,0.000000,0.000000;
		decal_origin = -1.884251,1.000000,-3.094736,0x18726F4F;
	  f far_plane = 1.100000;
	  x guid = 0x098C01FA;
	  f horizontal_meters = 40.000038;
	  f lod = 1.000000;
	  f near_plane = 0.100000;
		texture = Art\Bitmaps\Decals\b_d_sand-desert.%img%;
	  f vertical_meters = 40.000038;
	}
	[t:decal,n:*]
	{
		decal_orientation = 0.000000,-1.000000,0.000000,0.000000,0.000000,-1.000000,1.000000,0.000000,0.000000;
		decal_origin = -4.344456,0.999998,6.603890,0xE1E6F146;
	  f far_plane = 1.100000;
	  x guid = 0x46C92F90;
	  f horizontal_meters = 4.000000;
	  f lod = 1.000000;
	  f near_plane = 0.100000;
		texture = Art\Bitmaps\Decals\b_d_sand-desert.%img%;
	  f vertical_meters = 4.000000;
	}
	[t:decal,n:*]
	{
		decal_orientation = 0.000000,-1.000000,0.000000,0.000000,0.000000,-1.000000,1.000000,0.000000,0.000000;
		decal_origin = -1.884251,1.000000,-3.094736,0xFB05748D;
	  f far_plane = 1.100000;
	  x guid = 0x035FD2FC;
	  f horizontal_meters = 40.000038;
	  f lod = 1.000000;
	  f near_plane = 0.100000;
		texture = Art\Bitmaps\Decals\b_d_sand-desert.%img%;
	  f vertical_meters = 40.000038;
	}
	[t:decal,n:*]
	{
		decal_orientation = 0.000000,-1.000000,0.000000,0.000000,0.000000,-1.000000,1.000000,0.000000,0.000000;
		decal_origin = -4.302524,1.000000,5.936279,0xFFE5538C;
	  f far_plane = 1.100000;
	  x guid = 0x9DFE5DBA;
	  f horizontal_meters = 4.000000;
	  f lod = 1.000000;
	  f near_plane = 0.100000;
		texture = Art\Bitmaps\Decals\b_d_sand-desert.%img%;
	  f vertical_meters = 4.000000;
	}
	[t:decal,n:*]
	{
		decal_orientation = 0.000000,-1.000000,0.000000,0.000000,0.000000,-1.000000,1.000000,0.000000,0.000000;
		decal_origin = -1.884251,1.000000,-3.094736,0xE5D7183C;
	  f far_plane = 1.100000;
	  x guid = 0x4AE81096;
	  f horizontal_meters = 40.000038;
	  f lod = 1.000000;
	  f near_plane = 0.100000;
		texture = Art\Bitmaps\Decals\b_d_sand-desert.%img%;
	  f vertical_meters = 40.000038;
	}
	[t:decal,n:*]
	{
		decal_orientation = 0.000000,-1.000000,0.000000,0.000000,0.000000,-1.000000,1.000000,0.000000,0.000000;
		decal_origin = -4.347619,1.000000,6.780856,0xEDD31EEC;
	  f far_plane = 1.100000;
	  x guid = 0x416DD4DC;
	  f horizontal_meters = 4.000000;
	  f lod = 1.000000;
	  f near_plane = 0.100000;
		texture = Art\Bitmaps\Decals\b_d_sand-desert.%img%;
	  f vertical_meters = 4.000000;
	}
	[t:decal,n:*]
	{
		decal_orientation = 0.000000,-1.000000,0.000000,0.000000,0.000000,-1.000000,1.000000,0.000000,0.000000;
		decal_origin = -1.884251,1.000000,-3.094736,0xE85B118C;
	  f far_plane = 1.100000;
	  x guid = 0x735B3E8A;
	  f horizontal_meters = 40.000038;
	  f lod = 1.000000;
	  f near_plane = 0.100000;
		texture = Art\Bitmaps\Decals\b_d_sand-desert.%img%;
	  f vertical_meters = 40.000038;
	}
	[t:decal,n:*]
	{
		decal_orientation = 0.000000,-1.000000,0.000000,0.000000,0.000000,-1.000000,1.000000,0.000000,0.000000;
		decal_origin = -4.350716,1.000000,6.350649,0x56EF7B13;
	  f far_plane = 1.100000;
	  x guid = 0x01712150;
	  f horizontal_meters = 4.000000;
	  f lod = 1.000000;
	  f near_plane = 0.100000;
		texture = Art\Bitmaps\Decals\b_d_sand-desert.%img%;
	  f vertical_meters = 4.000000;
	}
	[t:decal,n:*]
	{
		decal_orientation = 0.000000,-1.000000,0.000000,0.000000,0.000000,-1.000000,1.000000,0.000000,0.000000;
		decal_origin = -1.884251,1.000000,-3.094736,0x7F5DA9F5;
	  f far_plane = 1.100000;
	  x guid = 0xDFDA7925;
	  f horizontal_meters = 40.000038;
	  f lod = 1.000000;
	  f near_plane = 0.100000;
		texture = Art\Bitmaps\Decals\b_d_sand-desert.%img%;
	  f vertical_meters = 40.000038;
	}
	[t:decal,n:*]
	{
		decal_orientation = 0.000000,-1.000000,0.000000,0.000000,0.000000,-1.000000,1.000000,0.000000,0.000000;
		decal_origin = -4.173182,1.000004,5.698449,0x1954ACC7;
	  f far_plane = 1.100000;
	  x guid = 0x904A4004;
	  f horizontal_meters = 4.000000;
	  f lod = 1.000000;
	  f near_plane = 0.100000;
		texture = Art\Bitmaps\Decals\b_d_sand-desert.%img%;
	  f vertical_meters = 4.000000;
	}
	[t:decal,n:*]
	{
		decal_orientation = 0.000000,-1.000000,0.000000,0.000000,0.000000,-1.000000,1.000000,0.000000,0.000000;
		decal_origin = -1.884251,1.000000,-3.094736,0xB5FACC61;
	  f far_plane = 1.100000;
	  x guid = 0xAE8B992A;
	  f horizontal_meters = 40.000038;
	  f lod = 1.000000;
	  f near_plane = 0.100000;
		texture = Art\Bitmaps\Decals\b_d_sand-desert.%img%;
	  f vertical_meters = 40.000038;
	}
	[t:decal,n:*]
	{
		decal_orientation = 0.000000,-1.000000,0.000000,0.000000,0.000000,-1.000000,1.000000,0.000000,0.000000;
		decal_origin = -4.322855,1.000000,6.934314,0x26A4953C;
	  f far_plane = 1.100000;
	  x guid = 0x41CAE64C;
	  f horizontal_meters = 4.000000;
	  f lod = 1.000000;
	  f near_plane = 0.100000;
		texture = Art\Bitmaps\Decals\b_d_sand-desert.%img%;
	  f vertical_meters = 4.000000;
	}
	[t:decal,n:*]
	{
		decal_orientation = 0.000000,-1.000000,0.000000,0.000000,0.000000,-1.000000,1.000000,0.000000,0.000000;
		decal_origin = -1.884251,1.000000,-3.094736,0x5B8C39F0;
	  f far_plane = 1.100000;
	  x guid = 0xA272B4AB;
	  f horizontal_meters = 40.000038;
	  f lod = 1.000000;
	  f near_plane = 0.100000;
		texture = Art\Bitmaps\Decals\b_d_sand-desert.%img%;
	  f vertical_meters = 40.000038;
	}
	[t:decal,n:*]
	{
		decal_orientation = 0.000000,-1.000000,0.000000,0.000000,0.000000,-1.000000,1.000000,0.000000,0.000000;
		decal_origin = -4.467613,1.000000,5.773565,0x4A1CAA43;
	  f far_plane = 1.100000;
	  x guid = 0xB4455970;
	  f horizontal_meters = 4.000000;
	  f lod = 1.000000;
	  f near_plane = 0.100000;
		texture = Art\Bitmaps\Decals\b_d_sand-desert.%img%;
	  f vertical_meters = 4.000000;
	}
}
