[decals]
{
	[t:decal,n:*]
	{
		decal_orientation = 0.347315,0.917122,0.195601,0.000000,0.208586,-0.978004,-0.937748,0.339676,0.072445;
		decal_origin = 1.332648,-4.901387,1.589512,0x32EAB337;
	  f far_plane = 1.100000;
	  x guid = 0xAD0F826C;
	  f horizontal_meters = 4.000000;
	  f lod = 1.000000;
	  f near_plane = 0.100000;
		texture = Art\Bitmaps\Decals\b_d_lc01-a.%img%;
	  f vertical_meters = 4.000000;
	}
	[t:decal,n:*]
	{
		decal_orientation = 0.000000,-1.000000,0.000000,0.000000,0.000000,-1.000000,1.000000,0.000000,0.000000;
		decal_origin = 0.102198,-5.000000,1.663576,0x32EAB337;
	  f far_plane = 1.100000;
	  x guid = 0xDD4F3B28;
	  f horizontal_meters = 4.000000;
	  f lod = 1.000000;
	  f near_plane = 0.100000;
		texture = Art\Bitmaps\Decals\b_d_lc01-a.%img%;
	  f vertical_meters = 4.000000;
	}
	[t:decal,n:*]
	{
		decal_orientation = -0.009260,-0.996030,-0.088540,0.000000,0.088544,-0.996072,0.999957,-0.009224,-0.000820;
		decal_origin = -1.346662,-4.877215,1.694481,0x32EAB337;
	  f far_plane = 1.100000;
	  x guid = 0x534D321D;
	  f horizontal_meters = 4.000000;
	  f lod = 1.000000;
	  f near_plane = 0.100000;
		texture = Art\Bitmaps\Decals\b_d_lc01-a.%img%;
	  f vertical_meters = 4.000000;
	}
	[t:decal,n:*]
	{
		decal_orientation = 0.960268,0.013384,0.278757,0.000000,0.998849,-0.047958,-0.279078,0.046053,0.959163;
		decal_origin = -0.267039,-1.925340,-0.861233,0xEF103A9B;
	  f far_plane = 1.100000;
	  x guid = 0x28B02AF9;
	  f horizontal_meters = 4.000000;
	  f lod = 1.000000;
	  f near_plane = 0.100000;
		texture = Art\Bitmaps\Decals\b_d_lc01-a.%img%;
	  f vertical_meters = 4.000000;
	}
	[t:decal,n:*]
	{
		decal_orientation = -0.517419,-0.852189,-0.077788,0.000000,0.090902,-0.995860,0.855732,-0.515277,-0.047034;
		decal_origin = -0.361481,-4.978563,3.281930,0xA80F59B6;
	  f far_plane = 1.100000;
	  x guid = 0xB86B1423;
	  f horizontal_meters = 4.000000;
	  f lod = 1.000000;
	  f near_plane = 0.100000;
		texture = Art\Bitmaps\Decals\b_d_lc01-a.%img%;
	  f vertical_meters = 4.000000;
	}
	[t:decal,n:*]
	{
		decal_orientation = 0.000000,0.993409,0.114624,0.000000,0.114624,-0.993409,-1.000000,0.000000,0.000000;
		decal_origin = 0.469406,-4.939204,3.213507,0xA80F59B6;
	  f far_plane = 1.100000;
	  x guid = 0x6DE4D38D;
	  f horizontal_meters = 4.000000;
	  f lod = 1.000000;
	  f near_plane = 0.100000;
		texture = Art\Bitmaps\Decals\b_d_lc01-a.%img%;
	  f vertical_meters = 4.000000;
	}
	[t:decal,n:*]
	{
		decal_orientation = -0.517419,-0.852189,-0.077788,0.000000,0.090902,-0.995860,0.855732,-0.515277,-0.047034;
		decal_origin = -0.981823,-4.967492,4.073496,0xA80F59B6;
	  f far_plane = 1.100000;
	  x guid = 0x49D772C4;
	  f horizontal_meters = 4.000000;
	  f lod = 1.000000;
	  f near_plane = 0.100000;
		texture = Art\Bitmaps\Decals\b_d_lc01-a.%img%;
	  f vertical_meters = 4.000000;
	}
	[t:decal,n:*]
	{
		decal_orientation = 0.000000,-1.000000,0.000000,0.000000,0.000000,-1.000000,1.000000,0.000000,0.000000;
		decal_origin = 1.592114,1.000000,3.605759,0x034BF870;
	  f far_plane = 1.100000;
	  x guid = 0x0738071C;
	  f horizontal_meters = 4.000000;
	  f lod = 1.000000;
	  f near_plane = 0.100000;
		texture = Art\Bitmaps\Decals\b_d_lc01-a.%img%;
	  f vertical_meters = 4.000000;
	}
}
