[decals]
{
	[t:decal,n:*]
	{
		decal_orientation = -0.216931,-0.976073,-0.014924,0.000000,0.015288,-0.999883,0.976187,-0.216905,-0.003316;
		decal_origin = -2.576944,-10.960068,-1.508509,0x4997AE3D;
	  f far_plane = 1.100000;
	  x guid = 0x06950F04;
	  f horizontal_meters = 4.000000;
	  f lod = 1.000000;
	  f near_plane = 0.100000;
		texture = Art\Bitmaps\Decals\b_d_for01-a.%img%;
	  f vertical_meters = 4.000000;
	}
	[t:decal,n:*]
	{
		decal_orientation = -0.055470,-0.998338,-0.015623,0.000000,0.015647,-0.999878,0.998460,-0.055463,-0.000868;
		decal_origin = 0.006943,-10.999343,-1.841395,0x4997AE3D;
	  f far_plane = 1.100000;
	  x guid = 0x69E467CB;
	  f horizontal_meters = 4.000000;
	  f lod = 1.000000;
	  f near_plane = 0.100000;
		texture = Art\Bitmaps\Decals\b_d_for01-a.%img%;
	  f vertical_meters = 4.000000;
	}
	[t:decal,n:*]
	{
		decal_orientation = -0.874791,0.483318,0.033816,0.000000,0.069795,-0.997561,-0.484500,-0.872658,-0.061056;
		decal_origin = 1.893266,-10.956133,-1.655890,0x4997AE3D;
	  f far_plane = 1.100000;
	  x guid = 0xA8DF7CAA;
	  f horizontal_meters = 4.000000;
	  f lod = 1.000000;
	  f near_plane = 0.100000;
		texture = Art\Bitmaps\Decals\b_d_for01-a.%img%;
	  f vertical_meters = 4.000000;
	}
	[t:decal,n:*]
	{
		decal_orientation = -0.995197,0.097874,0.001684,0.000000,0.017205,-0.999852,-0.097888,-0.995050,-0.017123;
		decal_origin = 2.181506,-10.977994,0.447988,0x4997AE3D;
	  f far_plane = 1.100000;
	  x guid = 0xD4A05FE8;
	  f horizontal_meters = 4.000000;
	  f lod = 1.000000;
	  f near_plane = 0.100000;
		texture = Art\Bitmaps\Decals\b_d_for01-a.%img%;
	  f vertical_meters = 4.000000;
	}
	[t:decal,n:*]
	{
		decal_orientation = 0.000000,-1.000000,0.000000,0.000000,0.000000,-1.000000,1.000000,0.000000,0.000000;
		decal_origin = 0.272173,-11.000001,1.668110,0x4997AE3D;
	  f far_plane = 1.100000;
	  x guid = 0x9361DECC;
	  f horizontal_meters = 4.000000;
	  f lod = 1.000000;
	  f near_plane = 0.100000;
		texture = Art\Bitmaps\Decals\b_d_for01-a.%img%;
	  f vertical_meters = 4.000000;
	}
	[t:decal,n:*]
	{
		decal_orientation = -0.038433,-0.998649,-0.034972,0.000000,0.034998,-0.999387,0.999261,-0.038410,-0.001345;
		decal_origin = -0.707585,-10.975555,-0.409624,0x4997AE3D;
	  f far_plane = 1.100000;
	  x guid = 0xD3D819B3;
	  f horizontal_meters = 4.000000;
	  f lod = 1.000000;
	  f near_plane = 0.100000;
		texture = Art\Bitmaps\Decals\b_d_for01-a.%img%;
	  f vertical_meters = 4.000000;
	}
}
