[decals]
{
	[t:decal,n:*]
	{
		decal_orientation = -0.216931,-0.976073,-0.014924,0.000000,0.015288,-0.999883,0.976187,-0.216905,-0.003316;
		decal_origin = -2.038411,-10.968815,-1.294808,0x9AE9B2E2;
	  f far_plane = 1.100000;
	  x guid = 0xCDC75559;
	  f horizontal_meters = 4.000000;
	  f lod = 1.000000;
	  f near_plane = 0.100000;
		texture = Art\Bitmaps\Decals\b_d_for01-a.%img%;
	  f vertical_meters = 4.000000;
	}
	[t:decal,n:*]
	{
		decal_orientation = 0.842271,-0.538847,-0.014920,0.000000,0.027678,-0.999617,0.539054,0.841949,0.023312;
		decal_origin = -2.620758,-10.935781,-0.039965,0x9AE9B2E2;
	  f far_plane = 1.100000;
	  x guid = 0xAB56D936;
	  f horizontal_meters = 4.000000;
	  f lod = 1.000000;
	  f near_plane = 0.100000;
		texture = Art\Bitmaps\Decals\b_d_for01-a.%img%;
	  f vertical_meters = 4.000000;
	}
	[t:decal,n:*]
	{
		decal_orientation = -0.216931,-0.976073,-0.014924,0.000000,0.015288,-0.999883,0.976187,-0.216905,-0.003316;
		decal_origin = -2.536791,-10.961100,-1.377859,0x9AE9B2E2;
	  f far_plane = 1.100000;
	  x guid = 0xF8F4716E;
	  f horizontal_meters = 4.000000;
	  f lod = 1.000000;
	  f near_plane = 0.100000;
		texture = Art\Bitmaps\Decals\b_d_for01-a.%img%;
	  f vertical_meters = 4.000000;
	}
	[t:decal,n:*]
	{
		decal_orientation = 0.055470,0.998334,0.015871,0.000000,0.015896,-0.999874,-0.998460,0.055463,0.000882;
		decal_origin = 0.255580,-10.996294,-1.640900,0x9AE9B2E2;
	  f far_plane = 1.100000;
	  x guid = 0xDBD5D0B5;
	  f horizontal_meters = 4.000000;
	  f lod = 1.000000;
	  f near_plane = 0.100000;
		texture = Art\Bitmaps\Decals\b_d_for01-a.%img%;
	  f vertical_meters = 4.000000;
	}
	[t:decal,n:*]
	{
		decal_orientation = 0.055470,0.998334,0.015871,0.000000,0.015896,-0.999874,-0.998460,0.055463,0.000882;
		decal_origin = 1.716853,-10.972681,-1.165813,0x9AE9B2E2;
	  f far_plane = 1.100000;
	  x guid = 0xA64ECB71;
	  f horizontal_meters = 4.000000;
	  f lod = 1.000000;
	  f near_plane = 0.100000;
		texture = Art\Bitmaps\Decals\b_d_for01-a.%img%;
	  f vertical_meters = 4.000000;
	}
	[t:decal,n:*]
	{
		decal_orientation = 0.038433,0.999135,0.015871,0.000000,0.015883,-0.999874,-0.999261,0.038428,0.000610;
		decal_origin = 2.525899,-10.959734,-1.023251,0x9AE9B2E2;
	  f far_plane = 1.100000;
	  x guid = 0x6CCEE632;
	  f horizontal_meters = 4.000000;
	  f lod = 1.000000;
	  f near_plane = 0.100000;
		texture = Art\Bitmaps\Decals\b_d_for01-a.%img%;
	  f vertical_meters = 4.000000;
	}
	[t:decal,n:*]
	{
		decal_orientation = -0.995197,0.097874,0.001684,0.000000,0.017205,-0.999852,-0.097888,-0.995050,-0.017123;
		decal_origin = 2.457331,-10.982317,0.727552,0x9AE9B2E2;
	  f far_plane = 1.100000;
	  x guid = 0xBE6E0E1D;
	  f horizontal_meters = 4.000000;
	  f lod = 1.000000;
	  f near_plane = 0.100000;
		texture = Art\Bitmaps\Decals\b_d_for01-a.%img%;
	  f vertical_meters = 4.000000;
	}
}
