[decals]
{
	[t:decal,n:*]
	{
		decal_orientation = 0.000000,0.989203,0.146548,0.000000,0.146548,-0.989203,-1.000000,0.000000,0.000000;
		decal_origin = -6.050267,-14.496532,-1.526121,0x52FD0E97;
	  f far_plane = 1.100000;
	  x guid = 0xF2F0232E;
	  f horizontal_meters = 4.000000;
	  f lod = 1.000000;
	  f near_plane = 0.100000;
		texture = Art\Bitmaps\Decals\b_d_lakeshore-gravel-a.%img%;
	  f vertical_meters = 4.000000;
	}
	[t:decal,n:*]
	{
		decal_orientation = 0.995037,-0.005191,-0.099368,0.000000,0.998638,-0.052168,0.099504,0.051909,0.993682;
		decal_origin = -5.430256,-2.252268,-1.068878,0x52FD0E97;
	  f far_plane = 1.100000;
	  x guid = 0x2EB779C2;
	  f horizontal_meters = 4.000000;
	  f lod = 1.000000;
	  f near_plane = 0.100000;
		texture = Art\Bitmaps\Decals\b_d_lc01-a.%img%;
	  f vertical_meters = 4.000000;
	}
	[t:decal,n:*]
	{
		decal_orientation = 0.995037,-0.005191,-0.099368,0.000000,0.998638,-0.052168,0.099504,0.051909,0.993682;
		decal_origin = -5.486379,-4.344391,-1.184326,0x52FD0E97;
	  f far_plane = 1.100000;
	  x guid = 0x067DB554;
	  f horizontal_meters = 4.000000;
	  f lod = 1.000000;
	  f near_plane = 0.100000;
		texture = Art\Bitmaps\Decals\b_d_lc01-a.%img%;
	  f vertical_meters = 4.000000;
	}
	[t:decal,n:*]
	{
		decal_orientation = 0.989950,-0.006991,-0.141248,0.000000,0.998777,-0.049437,0.141421,0.048940,0.988739;
		decal_origin = -5.650864,-5.868477,-1.279938,0x52FD0E97;
	  f far_plane = 1.100000;
	  x guid = 0xF64F0900;
	  f horizontal_meters = 4.000000;
	  f lod = 1.000000;
	  f near_plane = 0.100000;
		texture = Art\Bitmaps\Decals\b_d_lc01-a.%img%;
	  f vertical_meters = 4.000000;
	}
	[t:decal,n:*]
	{
		decal_orientation = 0.995037,-0.005191,-0.099368,0.000000,0.998638,-0.052168,0.099504,0.051909,0.993682;
		decal_origin = -5.717976,-9.233823,-1.464181,0x52FD0E97;
	  f far_plane = 1.100000;
	  x guid = 0xA91AFB02;
	  f horizontal_meters = 4.000000;
	  f lod = 1.000000;
	  f near_plane = 0.100000;
		texture = Art\Bitmaps\Decals\b_d_lc01-a.%img%;
	  f vertical_meters = 4.000000;
	}
	[t:decal,n:*]
	{
		decal_orientation = 0.995037,-0.005191,-0.099368,0.000000,0.998638,-0.052168,0.099504,0.051909,0.993682;
		decal_origin = -5.053442,-8.055221,-1.335851,0x52FD0E97;
	  f far_plane = 1.100000;
	  x guid = 0x8CF12796;
	  f horizontal_meters = 4.000000;
	  f lod = 1.000000;
	  f near_plane = 0.100000;
		texture = Art\Bitmaps\Decals\b_d_lc01-a.%img%;
	  f vertical_meters = 4.000000;
	}
	[t:decal,n:*]
	{
		decal_orientation = 0.904432,-0.035669,-0.425125,0.000000,0.996499,-0.083608,0.426619,0.075618,0.901265;
		decal_origin = -3.282624,-7.230789,-0.860659,0x52FD0E97;
	  f far_plane = 1.100000;
	  x guid = 0xB33DD743;
	  f horizontal_meters = 4.000000;
	  f lod = 1.000000;
	  f near_plane = 0.100000;
		texture = Art\Bitmaps\Decals\b_d_lc01-a.%img%;
	  f vertical_meters = 4.000000;
	}
	[t:decal,n:*]
	{
		decal_orientation = 0.876216,-0.028103,-0.481099,0.000000,0.998298,-0.058315,0.481919,0.051097,0.874725;
		decal_origin = -3.090646,-8.968749,-0.907655,0x52FD0E97;
	  f far_plane = 1.100000;
	  x guid = 0x6B9E9FC9;
	  f horizontal_meters = 4.000000;
	  f lod = 1.000000;
	  f near_plane = 0.100000;
		texture = Art\Bitmaps\Decals\b_d_lc01-a.%img%;
	  f vertical_meters = 4.000000;
	}
	[t:decal,n:*]
	{
		decal_orientation = 0.876216,-0.067933,-0.477107,0.000000,0.990015,-0.140963,0.481919,0.123514,0.867467;
		decal_origin = -3.205154,-10.466867,-1.206553,0x52FD0E97;
	  f far_plane = 1.100000;
	  x guid = 0xC58C5792;
	  f horizontal_meters = 4.000000;
	  f lod = 1.000000;
	  f near_plane = 0.100000;
		texture = Art\Bitmaps\Decals\b_d_lc01-a.%img%;
	  f vertical_meters = 4.000000;
	}
	[t:decal,n:*]
	{
		decal_orientation = 0.630593,0.003765,-0.776105,0.000000,0.999988,0.004851,0.776114,-0.003059,0.630585;
		decal_origin = -2.212943,-13.745334,-1.015256,0x52FD0E97;
	  f far_plane = 1.100000;
	  x guid = 0x81F70B76;
	  f horizontal_meters = 4.000000;
	  f lod = 1.000000;
	  f near_plane = 0.100000;
		texture = Art\Bitmaps\Decals\b_d_lc01-a.%img%;
	  f vertical_meters = 4.000000;
	}
	[t:decal,n:*]
	{
		decal_orientation = 0.994131,-0.013418,-0.107349,0.000000,0.992278,-0.124032,0.108185,0.123304,0.986454;
		decal_origin = -3.531051,-13.792711,-1.802445,0x52FD0E97;
	  f far_plane = 1.100000;
	  x guid = 0x0F7C6AD5;
	  f horizontal_meters = 4.000000;
	  f lod = 1.000000;
	  f near_plane = 0.100000;
		texture = Art\Bitmaps\Decals\b_d_lc01-a.%img%;
	  f vertical_meters = 4.000000;
	}
	[t:decal,n:*]
	{
		decal_orientation = 0.876216,-0.067933,-0.477107,0.000000,0.990015,-0.140963,0.481919,0.123514,0.867467;
		decal_origin = -2.755071,-12.794577,-1.303437,0x52FD0E97;
	  f far_plane = 1.100000;
	  x guid = 0x44861092;
	  f horizontal_meters = 4.000000;
	  f lod = 1.000000;
	  f near_plane = 0.100000;
		texture = Art\Bitmaps\Decals\b_d_lc01-a.%img%;
	  f vertical_meters = 4.000000;
	}
	[t:decal,n:*]
	{
		decal_orientation = 0.995037,-0.012448,-0.098722,0.000000,0.992144,-0.125105,0.099504,0.124484,0.987220;
		decal_origin = -4.897385,-11.060313,-1.600415,0x52FD0E97;
	  f far_plane = 1.100000;
	  x guid = 0x8FB0B5FC;
	  f horizontal_meters = 4.000000;
	  f lod = 1.000000;
	  f near_plane = 0.100000;
		texture = Art\Bitmaps\Decals\b_d_lc01-a.%img%;
	  f vertical_meters = 4.000000;
	}
	[t:decal,n:*]
	{
		decal_orientation = 0.998391,-0.006560,-0.056318,0.000000,0.993285,-0.115697,0.056699,0.115511,0.991687;
		decal_origin = -5.267552,-14.076181,-2.000676,0x52FD0E97;
	  f far_plane = 1.100000;
	  x guid = 0xFC49C6E5;
	  f horizontal_meters = 4.000000;
	  f lod = 1.000000;
	  f near_plane = 0.100000;
		texture = Art\Bitmaps\Decals\b_d_lc01-a.%img%;
	  f vertical_meters = 4.000000;
	}
	[t:decal,n:*]
	{
		decal_orientation = 0.998391,-0.006560,-0.056318,0.000000,0.993285,-0.115697,0.056699,0.115511,0.991687;
		decal_origin = -5.514555,-13.055727,-1.895650,0x52FD0E97;
	  f far_plane = 1.100000;
	  x guid = 0x5BDBE153;
	  f horizontal_meters = 4.000000;
	  f lod = 1.000000;
	  f near_plane = 0.100000;
		texture = Art\Bitmaps\Decals\b_d_lc01-a.%img%;
	  f vertical_meters = 4.000000;
	}
	[t:decal,n:*]
	{
		decal_orientation = 0.995037,-0.012448,-0.098722,0.000000,0.992144,-0.125105,0.099504,0.124484,0.987220;
		decal_origin = -4.186380,-11.582824,-1.595529,0x52FD0E97;
	  f far_plane = 1.100000;
	  x guid = 0x03725136;
	  f horizontal_meters = 4.000000;
	  f lod = 1.000000;
	  f near_plane = 0.100000;
		texture = Art\Bitmaps\Decals\b_d_lc01-a.%img%;
	  f vertical_meters = 4.000000;
	}
	[t:decal,n:*]
	{
		decal_orientation = 0.974391,-0.014576,-0.224387,0.000000,0.997897,-0.064823,0.224859,0.063163,0.972342;
		decal_origin = -4.246153,-0.978667,-0.817160,0x52FD0E97;
	  f far_plane = 1.100000;
	  x guid = 0x6D47061B;
	  f horizontal_meters = 4.000000;
	  f lod = 1.000000;
	  f near_plane = 0.100000;
		texture = Art\Bitmaps\Decals\b_d_lc01-a.%img%;
	  f vertical_meters = 4.000000;
	}
	[t:decal,n:*]
	{
		decal_orientation = 0.904432,-0.035669,-0.425125,0.000000,0.996499,-0.083608,0.426619,0.075618,0.901265;
		decal_origin = -3.581374,-3.872996,-0.690086,0x52FD0E97;
	  f far_plane = 1.100000;
	  x guid = 0xF607EAF1;
	  f horizontal_meters = 4.000000;
	  f lod = 1.000000;
	  f near_plane = 0.100000;
		texture = Art\Bitmaps\Decals\b_d_lc01-a.%img%;
	  f vertical_meters = 4.000000;
	}
	[t:decal,n:*]
	{
		decal_orientation = 0.904432,-0.035669,-0.425125,0.000000,0.996499,-0.083608,0.426619,0.075618,0.901265;
		decal_origin = -3.089045,-4.977042,-0.560275,0x52FD0E97;
	  f far_plane = 1.100000;
	  x guid = 0xBBF62DB1;
	  f horizontal_meters = 4.000000;
	  f lod = 1.000000;
	  f near_plane = 0.100000;
		texture = Art\Bitmaps\Decals\b_d_lc01-a.%img%;
	  f vertical_meters = 4.000000;
	}
	[t:decal,n:*]
	{
		decal_orientation = 0.904432,-0.035669,-0.425125,0.000000,0.996499,-0.083608,0.426619,0.075618,0.901265;
		decal_origin = -2.522877,-3.467705,-0.153196,0x52FD0E97;
	  f far_plane = 1.100000;
	  x guid = 0x0166B35B;
	  f horizontal_meters = 4.000000;
	  f lod = 1.000000;
	  f near_plane = 0.100000;
		texture = Art\Bitmaps\Decals\b_d_lc01-a.%img%;
	  f vertical_meters = 4.000000;
	}
	[t:decal,n:*]
	{
		decal_orientation = 0.876216,-0.028103,-0.481099,0.000000,0.998298,-0.058315,0.481919,0.051097,0.874725;
		decal_origin = -2.428021,-0.686325,0.008949,0x52FD0E97;
	  f far_plane = 1.100000;
	  x guid = 0x00B24D5C;
	  f horizontal_meters = 4.000000;
	  f lod = 1.000000;
	  f near_plane = 0.100000;
		texture = Art\Bitmaps\Decals\b_d_lc01-a.%img%;
	  f vertical_meters = 4.000000;
	}
	[t:decal,n:*]
	{
		decal_orientation = 0.904432,-0.015642,-0.426332,0.000000,0.999328,-0.036665,0.426619,0.033161,0.903823;
		decal_origin = -3.443378,-1.909697,-0.522738,0x52FD0E97;
	  f far_plane = 1.100000;
	  x guid = 0xF06CF4C9;
	  f horizontal_meters = 4.000000;
	  f lod = 1.000000;
	  f near_plane = 0.100000;
		texture = Art\Bitmaps\Decals\b_d_lc01-a.%img%;
	  f vertical_meters = 4.000000;
	}
	[t:decal,n:*]
	{
		decal_orientation = 0.974391,-0.014576,-0.224387,0.000000,0.997897,-0.064823,0.224859,0.063163,0.972342;
		decal_origin = -4.028410,1.774952,-0.583338,0x52FD0E97;
	  f far_plane = 1.100000;
	  x guid = 0x86382DFD;
	  f horizontal_meters = 4.000000;
	  f lod = 1.000000;
	  f near_plane = 0.100000;
		texture = Art\Bitmaps\Decals\b_d_lc01-a.%img%;
	  f vertical_meters = 4.000000;
	}
	[t:decal,n:*]
	{
		decal_orientation = 0.961524,-0.010997,-0.274501,0.000000,0.999198,-0.040031,0.274721,0.038491,0.960753;
		decal_origin = -5.468857,0.788393,-0.960412,0x52FD0E97;
	  f far_plane = 1.100000;
	  x guid = 0xFB6203AE;
	  f horizontal_meters = 4.000000;
	  f lod = 1.000000;
	  f near_plane = 0.100000;
		texture = Art\Bitmaps\Decals\b_d_lc01-a.%img%;
	  f vertical_meters = 4.000000;
	}
	[t:decal,n:*]
	{
		decal_orientation = 0.961524,-0.026294,-0.273460,0.000000,0.995409,-0.095711,0.274721,0.092028,0.957110;
		decal_origin = -5.365264,2.944933,-0.818966,0x52FD0E97;
	  f far_plane = 1.100000;
	  x guid = 0x7CE9305C;
	  f horizontal_meters = 4.000000;
	  f lod = 1.000000;
	  f near_plane = 0.100000;
		texture = Art\Bitmaps\Decals\b_d_lc01-a.%img%;
	  f vertical_meters = 4.000000;
	}
	[t:decal,n:*]
	{
		decal_orientation = 0.953490,-0.047159,-0.297714,0.000000,0.987686,-0.156452,0.301426,0.149175,0.941748;
		decal_origin = -5.414243,4.867725,-0.615591,0x52FD0E97;
	  f far_plane = 1.100000;
	  x guid = 0x0E2287F6;
	  f horizontal_meters = 4.000000;
	  f lod = 1.000000;
	  f near_plane = 0.100000;
		texture = Art\Bitmaps\Decals\b_d_lc01-a.%img%;
	  f vertical_meters = 4.000000;
	}
	[t:decal,n:*]
	{
		decal_orientation = 0.986706,-0.031464,-0.159441,0.000000,0.981079,-0.193607,0.162516,0.191033,0.968037;
		decal_origin = -5.507865,7.007483,-0.250463,0x52FD0E97;
	  f far_plane = 1.100000;
	  x guid = 0x7E6937E9;
	  f horizontal_meters = 4.000000;
	  f lod = 1.000000;
	  f near_plane = 0.100000;
		texture = Art\Bitmaps\Decals\b_d_lc01-a.%img%;
	  f vertical_meters = 4.000000;
	}
	[t:decal,n:*]
	{
		decal_orientation = 0.000000,-0.973417,-0.229039,0.000000,0.229039,-0.973417,1.000000,0.000000,0.000000;
		decal_origin = -5.732935,9.464470,1.256720,0x52FD0E97;
	  f far_plane = 1.100000;
	  x guid = 0xADD47D17;
	  f horizontal_meters = 4.000000;
	  f lod = 1.000000;
	  f near_plane = 0.100000;
		texture = Art\Bitmaps\Decals\b_d_lc01-a.%img%;
	  f vertical_meters = 4.000000;
	}
	[t:decal,n:*]
	{
		decal_orientation = 0.986706,-0.031464,-0.159441,0.000000,0.981079,-0.193607,0.162516,0.191033,0.968037;
		decal_origin = -5.547472,8.478551,0.037226,0x52FD0E97;
	  f far_plane = 1.100000;
	  x guid = 0xFE09C7DC;
	  f horizontal_meters = 4.000000;
	  f lod = 1.000000;
	  f near_plane = 0.100000;
		texture = Art\Bitmaps\Decals\b_d_lc01-a.%img%;
	  f vertical_meters = 4.000000;
	}
	[t:decal,n:*]
	{
		decal_orientation = 0.971029,-0.034946,-0.236391,0.000000,0.989249,-0.146242,0.238960,0.142005,0.960590;
		decal_origin = -4.644509,7.249106,0.023380,0x52FD0E97;
	  f far_plane = 1.100000;
	  x guid = 0x2C0E32B5;
	  f horizontal_meters = 4.000000;
	  f lod = 1.000000;
	  f near_plane = 0.100000;
		texture = Art\Bitmaps\Decals\b_d_lc01-a.%img%;
	  f vertical_meters = 4.000000;
	}
	[t:decal,n:*]
	{
		decal_orientation = 0.971029,-0.034946,-0.236391,0.000000,0.989249,-0.146242,0.238960,0.142005,0.960590;
		decal_origin = -3.868820,6.004660,0.024812,0x52FD0E97;
	  f far_plane = 1.100000;
	  x guid = 0x812C5D67;
	  f horizontal_meters = 4.000000;
	  f lod = 1.000000;
	  f near_plane = 0.100000;
		texture = Art\Bitmaps\Decals\b_d_lc01-a.%img%;
	  f vertical_meters = 4.000000;
	}
	[t:decal,n:*]
	{
		decal_orientation = 0.876216,-0.033809,-0.480731,0.000000,0.997536,-0.070155,0.481919,0.061471,0.874057;
		decal_origin = -3.188011,3.842871,-0.089712,0x52FD0E97;
	  f far_plane = 1.100000;
	  x guid = 0xD6E4B094;
	  f horizontal_meters = 4.000000;
	  f lod = 1.000000;
	  f near_plane = 0.100000;
		texture = Art\Bitmaps\Decals\b_d_lc01-a.%img%;
	  f vertical_meters = 4.000000;
	}
	[t:decal,n:*]
	{
		decal_orientation = 0.876216,-0.028103,-0.481099,0.000000,0.998298,-0.058315,0.481919,0.051097,0.874725;
		decal_origin = -2.848146,1.340467,-0.087000,0x52FD0E97;
	  f far_plane = 1.100000;
	  x guid = 0x1DC4822A;
	  f horizontal_meters = 4.000000;
	  f lod = 1.000000;
	  f near_plane = 0.100000;
		texture = Art\Bitmaps\Decals\b_d_lc01-a.%img%;
	  f vertical_meters = 4.000000;
	}
	[t:decal,n:*]
	{
		decal_orientation = 0.971029,-0.034946,-0.236391,0.000000,0.989249,-0.146242,0.238960,0.142005,0.960590;
		decal_origin = -3.815171,4.371336,-0.210647,0x52FD0E97;
	  f far_plane = 1.100000;
	  x guid = 0x283F60EE;
	  f horizontal_meters = 4.000000;
	  f lod = 1.000000;
	  f near_plane = 0.100000;
		texture = Art\Bitmaps\Decals\b_d_lc01-a.%img%;
	  f vertical_meters = 4.000000;
	}
	[t:decal,n:*]
	{
		decal_orientation = 0.974391,-0.017642,-0.224166,0.000000,0.996917,-0.078458,0.224859,0.076449,0.971388;
		decal_origin = -4.340562,2.708284,-0.591222,0x52FD0E97;
	  f far_plane = 1.100000;
	  x guid = 0xD938BED2;
	  f horizontal_meters = 4.000000;
	  f lod = 1.000000;
	  f near_plane = 0.100000;
		texture = Art\Bitmaps\Decals\b_d_lc01-a.%img%;
	  f vertical_meters = 4.000000;
	}
	[t:decal,n:*]
	{
		decal_orientation = 0.994646,-0.000667,-0.103338,0.000000,0.999979,-0.006459,0.103340,0.006424,0.994625;
		decal_origin = -3.102774,6.710081,0.296972,0x52FD0E97;
	  f far_plane = 1.100000;
	  x guid = 0xAF334ACB;
	  f horizontal_meters = 4.000000;
	  f lod = 1.000000;
	  f near_plane = 0.100000;
		texture = Art\Bitmaps\Decals\b_d_lc01-a.%img%;
	  f vertical_meters = 4.000000;
	}
	[t:decal,n:*]
	{
		decal_orientation = 0.876216,-0.033809,-0.480731,0.000000,0.997536,-0.070155,0.481919,0.061471,0.874057;
		decal_origin = -2.509588,4.207909,0.312720,0x52FD0E97;
	  f far_plane = 1.100000;
	  x guid = 0xD48627A9;
	  f horizontal_meters = 4.000000;
	  f lod = 1.000000;
	  f near_plane = 0.100000;
		texture = Art\Bitmaps\Decals\b_d_lc01-a.%img%;
	  f vertical_meters = 4.000000;
	}
	[t:decal,n:*]
	{
		decal_orientation = 0.000000,-1.000000,0.000000,0.000000,0.000000,-1.000000,1.000000,0.000000,0.000000;
		decal_origin = -2.671234,1.450001,-3.615370,0x499F176A;
	  f far_plane = 1.100000;
	  x guid = 0xE474D3F6;
	  f horizontal_meters = 4.000000;
	  f lod = 1.000000;
	  f near_plane = 0.100000;
		texture = Art\Bitmaps\Decals\b_d_lakeshore-gravel-a.%img%;
	  f vertical_meters = 4.000000;
	}
	[t:decal,n:*]
	{
		decal_orientation = 0.000000,0.939793,0.341743,0.000000,0.341743,-0.939793,-1.000000,0.000000,0.000000;
		decal_origin = -3.190313,1.444857,-1.223150,0x499F176A;
	  f far_plane = 1.100000;
	  x guid = 0x6E4FF73A;
	  f horizontal_meters = 4.000000;
	  f lod = 1.000000;
	  f near_plane = 0.100000;
		texture = Art\Bitmaps\Decals\b_d_lakeshore-gravel-a.%img%;
	  f vertical_meters = 4.000000;
	}
	[t:decal,n:*]
	{
		decal_orientation = 0.671520,0.735378,0.090997,0.000000,0.122804,-0.992431,-0.740987,0.666437,0.082466;
		decal_origin = -2.601319,1.597423,-0.757541,0x499F176A;
	  f far_plane = 1.100000;
	  x guid = 0x578E9622;
	  f horizontal_meters = 4.000000;
	  f lod = 1.000000;
	  f near_plane = 0.100000;
		texture = Art\Bitmaps\Decals\b_d_lakeshore-gravel-a.%img%;
	  f vertical_meters = 4.000000;
	}
	[t:decal,n:*]
	{
		decal_orientation = -0.734804,-0.669674,-0.107707,0.000000,0.158794,-0.987312,0.678280,-0.725480,-0.116682;
		decal_origin = -2.701298,1.448406,1.846508,0x499F176A;
	  f far_plane = 1.100000;
	  x guid = 0x09BE3DB9;
	  f horizontal_meters = 4.000000;
	  f lod = 1.000000;
	  f near_plane = 0.100000;
		texture = Art\Bitmaps\Decals\b_d_lakeshore-gravel-a.%img%;
	  f vertical_meters = 4.000000;
	}
	[t:decal,n:*]
	{
		decal_orientation = -0.134882,-0.899605,-0.415352,0.000000,0.419182,-0.907902,0.990862,-0.122459,-0.056540;
		decal_origin = -1.570971,1.361000,-0.387935,0x499F176A;
	  f far_plane = 1.100000;
	  x guid = 0xA78120C5;
	  f horizontal_meters = 4.000000;
	  f lod = 1.000000;
	  f near_plane = 0.100000;
		texture = Art\Bitmaps\Decals\b_d_lakeshore-gravel-a.%img%;
	  f vertical_meters = 4.000000;
	}
	[t:decal,n:*]
	{
		decal_orientation = 0.600000,0.794646,0.092401,0.000000,0.115501,-0.993307,-0.800000,0.595984,0.069301;
		decal_origin = -3.033364,1.443337,-2.147660,0x70C9125B;
	  f far_plane = 1.100000;
	  x guid = 0x5F2E3E44;
	  f horizontal_meters = 4.000000;
	  f lod = 1.000000;
	  f near_plane = 0.100000;
		texture = Art\Bitmaps\Decals\b_d_lakeshore-gravel-a.%img%;
	  f vertical_meters = 4.000000;
	}
	[t:decal,n:*]
	{
		decal_orientation = 0.000000,0.939793,0.341743,0.000000,0.341743,-0.939793,-1.000000,0.000000,0.000000;
		decal_origin = -3.332903,1.393008,0.476950,0x70C9125B;
	  f far_plane = 1.100000;
	  x guid = 0xE6B0AE82;
	  f horizontal_meters = 4.000000;
	  f lod = 1.000000;
	  f near_plane = 0.100000;
		texture = Art\Bitmaps\Decals\b_d_lakeshore-gravel-a.%img%;
	  f vertical_meters = 4.000000;
	}
	[t:decal,n:*]
	{
		decal_orientation = 0.326710,-0.825852,-0.459597,0.000000,0.486282,-0.873802,0.945125,0.285480,0.158873;
		decal_origin = -1.900160,1.479170,-0.343285,0x70C9125B;
	  f far_plane = 1.100000;
	  x guid = 0xC90CCE98;
	  f horizontal_meters = 4.000000;
	  f lod = 1.000000;
	  f near_plane = 0.100000;
		texture = Art\Bitmaps\Decals\b_d_lakeshore-gravel-a.%img%;
	  f vertical_meters = 4.000000;
	}
	[t:decal,n:*]
	{
		decal_orientation = -0.734804,-0.669674,-0.107707,0.000000,0.158794,-0.987312,0.678280,-0.725480,-0.116682;
		decal_origin = -2.385612,1.441184,1.616207,0x70C9125B;
	  f far_plane = 1.100000;
	  x guid = 0x97D49BC6;
	  f horizontal_meters = 4.000000;
	  f lod = 1.000000;
	  f near_plane = 0.100000;
		texture = Art\Bitmaps\Decals\b_d_lakeshore-gravel-a.%img%;
	  f vertical_meters = 4.000000;
	}
	[t:decal,n:*]
	{
		decal_orientation = 0.957826,-0.090865,-0.272603,0.000000,0.948686,-0.316219,0.287348,0.302883,0.908676;
		decal_origin = 3.681409,-10.717417,-3.949742,0xD531BB5B;
	  f far_plane = 1.100000;
	  x guid = 0x9F83F3DF;
	  f horizontal_meters = 4.000000;
	  f lod = 1.000000;
	  f near_plane = 0.100000;
		texture = Art\Bitmaps\Decals\b_d_lc01-a.%img%;
	  f vertical_meters = 4.000000;
	}
	[t:decal,n:*]
	{
		decal_orientation = 0.946023,0.035555,0.322144,0.000000,0.993964,-0.109703,-0.324100,0.103782,0.940313;
		decal_origin = 3.152111,-9.767929,-3.712588,0xD531BB5B;
	  f far_plane = 1.100000;
	  x guid = 0x4EE3D058;
	  f horizontal_meters = 4.000000;
	  f lod = 1.000000;
	  f near_plane = 0.100000;
		texture = Art\Bitmaps\Decals\b_d_lc01-a.%img%;
	  f vertical_meters = 4.000000;
	}
	[t:decal,n:*]
	{
		decal_orientation = 0.946023,0.035555,0.322144,0.000000,0.993964,-0.109703,-0.324100,0.103782,0.940313;
		decal_origin = 3.028644,-7.265268,-3.378311,0xD531BB5B;
	  f far_plane = 1.100000;
	  x guid = 0x9B2B9AF9;
	  f horizontal_meters = 4.000000;
	  f lod = 1.000000;
	  f near_plane = 0.100000;
		texture = Art\Bitmaps\Decals\b_d_lc01-a.%img%;
	  f vertical_meters = 4.000000;
	}
	[t:decal,n:*]
	{
		decal_orientation = 0.964205,0.012768,0.264849,0.000000,0.998840,-0.048154,-0.265156,0.046431,0.963087;
		decal_origin = 3.127040,-4.434430,-3.219984,0xD531BB5B;
	  f far_plane = 1.100000;
	  x guid = 0xCA3CAA9E;
	  f horizontal_meters = 4.000000;
	  f lod = 1.000000;
	  f near_plane = 0.100000;
		texture = Art\Bitmaps\Decals\b_d_lc01-a.%img%;
	  f vertical_meters = 4.000000;
	}
	[t:decal,n:*]
	{
		decal_orientation = 0.964205,0.012768,0.264849,0.000000,0.998840,-0.048154,-0.265156,0.046431,0.963087;
		decal_origin = 3.128135,-2.386696,-3.117900,0xD531BB5B;
	  f far_plane = 1.100000;
	  x guid = 0x08733874;
	  f horizontal_meters = 4.000000;
	  f lod = 1.000000;
	  f near_plane = 0.100000;
		texture = Art\Bitmaps\Decals\b_d_lc01-a.%img%;
	  f vertical_meters = 4.000000;
	}
	[t:decal,n:*]
	{
		decal_orientation = 0.913812,-0.014073,0.405895,0.000000,0.999400,0.034650,-0.406138,-0.031663,0.913263;
		decal_origin = 3.020501,0.822414,-2.890845,0xD531BB5B;
	  f far_plane = 1.100000;
	  x guid = 0x7A9D6050;
	  f horizontal_meters = 4.000000;
	  f lod = 1.000000;
	  f near_plane = 0.100000;
		texture = Art\Bitmaps\Decals\b_d_lc01-a.%img%;
	  f vertical_meters = 4.000000;
	}
	[t:decal,n:*]
	{
		decal_orientation = 0.913812,0.047258,0.403380,0.000000,0.993207,-0.116360,-0.406138,0.106331,0.907604;
		decal_origin = 2.800060,-0.589865,-2.844118,0xD531BB5B;
	  f far_plane = 1.100000;
	  x guid = 0xEC805330;
	  f horizontal_meters = 4.000000;
	  f lod = 1.000000;
	  f near_plane = 0.100000;
		texture = Art\Bitmaps\Decals\b_d_lc01-a.%img%;
	  f vertical_meters = 4.000000;
	}
	[t:decal,n:*]
	{
		decal_orientation = 0.958954,0.008767,0.283426,0.000000,0.999522,-0.030919,-0.283562,0.029650,0.958495;
		decal_origin = 3.212464,-5.803979,-3.304104,0xD531BB5B;
	  f far_plane = 1.100000;
	  x guid = 0x5A004AA8;
	  f horizontal_meters = 4.000000;
	  f lod = 1.000000;
	  f near_plane = 0.100000;
		texture = Art\Bitmaps\Decals\b_d_lc01-a.%img%;
	  f vertical_meters = 4.000000;
	}
	[t:decal,n:*]
	{
		decal_orientation = 0.949048,0.009964,0.314975,0.000000,0.999500,-0.031619,-0.315132,0.030008,0.948573;
		decal_origin = 3.397125,4.694944,-2.897531,0xD531BB5B;
	  f far_plane = 1.100000;
	  x guid = 0x16BD8410;
	  f horizontal_meters = 4.000000;
	  f lod = 1.000000;
	  f near_plane = 0.100000;
		texture = Art\Bitmaps\Decals\b_d_lc01-a.%img%;
	  f vertical_meters = 4.000000;
	}
	[t:decal,n:*]
	{
		decal_orientation = 0.949048,0.009964,0.314975,0.000000,0.999500,-0.031619,-0.315132,0.030008,0.948573;
		decal_origin = 3.213894,2.850205,-2.898181,0xD531BB5B;
	  f far_plane = 1.100000;
	  x guid = 0xBAEB45EB;
	  f horizontal_meters = 4.000000;
	  f lod = 1.000000;
	  f near_plane = 0.100000;
		texture = Art\Bitmaps\Decals\b_d_lc01-a.%img%;
	  f vertical_meters = 4.000000;
	}
	[t:decal,n:*]
	{
		decal_orientation = 0.949048,0.009964,0.314975,0.000000,0.999500,-0.031619,-0.315132,0.030008,0.948573;
		decal_origin = 1.824239,3.131299,-2.427374,0xD531BB5B;
	  f far_plane = 1.100000;
	  x guid = 0x442A7B17;
	  f horizontal_meters = 4.000000;
	  f lod = 1.000000;
	  f near_plane = 0.100000;
		texture = Art\Bitmaps\Decals\b_d_lc01-a.%img%;
	  f vertical_meters = 4.000000;
	}
	[t:decal,n:*]
	{
		decal_orientation = 0.930481,0.118584,0.346616,0.000000,0.946160,-0.323699,-0.366339,0.301196,0.880384;
		decal_origin = 2.674547,6.925060,-2.273899,0xD531BB5B;
	  f far_plane = 1.100000;
	  x guid = 0x040596DF;
	  f horizontal_meters = 4.000000;
	  f lod = 1.000000;
	  f near_plane = 0.100000;
		texture = Art\Bitmaps\Decals\b_d_lc01-a.%img%;
	  f vertical_meters = 4.000000;
	}
	[t:decal,n:*]
	{
		decal_orientation = 0.680161,0.049745,0.731373,0.000000,0.997695,-0.067859,-0.733063,0.046155,0.678593;
		decal_origin = 3.102966,6.852665,-2.421567,0xD531BB5B;
	  f far_plane = 1.100000;
	  x guid = 0x8EC5E417;
	  f horizontal_meters = 4.000000;
	  f lod = 1.000000;
	  f near_plane = 0.100000;
		texture = Art\Bitmaps\Decals\b_d_lc01-a.%img%;
	  f vertical_meters = 4.000000;
	}
	[t:decal,n:*]
	{
		decal_orientation = 0.920331,0.070806,0.384679,0.000000,0.983478,-0.181025,-0.391141,0.166603,0.905126;
		decal_origin = 3.374052,9.618696,-2.315053,0xD531BB5B;
	  f far_plane = 1.100000;
	  x guid = 0xCA2343FF;
	  f horizontal_meters = 4.000000;
	  f lod = 1.000000;
	  f near_plane = 0.100000;
		texture = Art\Bitmaps\Decals\b_d_lc01-a.%img%;
	  f vertical_meters = 4.000000;
	}
	[t:decal,n:*]
	{
		decal_orientation = 0.675628,0.029737,0.736642,0.000000,0.999186,-0.040335,-0.737242,0.027251,0.675079;
		decal_origin = 3.005392,8.625582,-2.158620,0xD531BB5B;
	  f far_plane = 1.100000;
	  x guid = 0xA7F20199;
	  f horizontal_meters = 4.000000;
	  f lod = 1.000000;
	  f near_plane = 0.100000;
		texture = Art\Bitmaps\Decals\b_d_lc01-a.%img%;
	  f vertical_meters = 4.000000;
	}
	[t:decal,n:*]
	{
		decal_orientation = 0.000000,0.970142,0.242537,0.000000,0.242537,-0.970142,-1.000000,0.000000,0.000000;
		decal_origin = 3.231091,12.838550,-0.568780,0xD531BB5B;
	  f far_plane = 1.100000;
	  x guid = 0x6360044D;
	  f horizontal_meters = 4.000000;
	  f lod = 1.000000;
	  f near_plane = 0.100000;
		texture = Art\Bitmaps\Decals\b_d_lc01-a.%img%;
	  f vertical_meters = 4.000000;
	}
	[t:decal,n:*]
	{
		decal_orientation = 0.920331,0.070806,0.384679,0.000000,0.983478,-0.181025,-0.391141,0.166603,0.905126;
		decal_origin = 3.114699,11.445576,-1.839453,0xD531BB5B;
	  f far_plane = 1.100000;
	  x guid = 0x170F2A25;
	  f horizontal_meters = 4.000000;
	  f lod = 1.000000;
	  f near_plane = 0.100000;
		texture = Art\Bitmaps\Decals\b_d_lc01-a.%img%;
	  f vertical_meters = 4.000000;
	}
	[t:decal,n:*]
	{
		decal_orientation = 0.866596,0.019455,0.498632,0.000000,0.999240,-0.038988,-0.499011,0.033787,0.865937;
		decal_origin = 2.607766,9.567535,-1.614307,0xD531BB5B;
	  f far_plane = 1.100000;
	  x guid = 0x72667D58;
	  f horizontal_meters = 4.000000;
	  f lod = 1.000000;
	  f near_plane = 0.100000;
		texture = Art\Bitmaps\Decals\b_d_lc01-a.%img%;
	  f vertical_meters = 4.000000;
	}
	[t:decal,n:*]
	{
		decal_orientation = 0.930481,0.118584,0.346616,0.000000,0.946160,-0.323699,-0.366339,0.301196,0.880384;
		decal_origin = 1.708465,7.803622,-1.570515,0xD531BB5B;
	  f far_plane = 1.100000;
	  x guid = 0x57E91E6C;
	  f horizontal_meters = 4.000000;
	  f lod = 1.000000;
	  f near_plane = 0.100000;
		texture = Art\Bitmaps\Decals\b_d_lc01-a.%img%;
	  f vertical_meters = 4.000000;
	}
	[t:decal,n:*]
	{
		decal_orientation = 0.000000,-1.000000,0.000000,0.000000,0.000000,-1.000000,1.000000,0.000000,0.000000;
		decal_origin = -1.372789,1.000000,-3.897540,0xEB9B32AD;
	  f far_plane = 1.100000;
	  x guid = 0xCA6117EA;
	  f horizontal_meters = 4.000000;
	  f lod = 1.000000;
	  f near_plane = 0.100000;
		texture = Art\Bitmaps\Decals\b_d_lakeshore-gravel-a.%img%;
	  f vertical_meters = 4.000000;
	}
	[t:decal,n:*]
	{
		decal_orientation = 0.000000,-1.000000,0.000000,0.000000,0.000000,-1.000000,1.000000,0.000000,0.000000;
		decal_origin = 0.058779,1.000000,-3.738366,0xD90394ED;
	  f far_plane = 1.100000;
	  x guid = 0x85D524D4;
	  f horizontal_meters = 4.000000;
	  f lod = 1.000000;
	  f near_plane = 0.100000;
		texture = Art\Bitmaps\Decals\b_d_lakeshore-gravel-a.%img%;
	  f vertical_meters = 4.000000;
	}
	[t:decal,n:*]
	{
		decal_orientation = 0.000000,-1.000000,0.000000,0.000000,0.000000,-1.000000,1.000000,0.000000,0.000000;
		decal_origin = 0.618492,1.000000,-3.961636,0xFBF17196;
	  f far_plane = 1.100000;
	  x guid = 0x57A7E783;
	  f horizontal_meters = 4.000000;
	  f lod = 1.000000;
	  f near_plane = 0.100000;
		texture = Art\Bitmaps\Decals\b_d_lakeshore-gravel-a.%img%;
	  f vertical_meters = 4.000000;
	}
	[t:decal,n:*]
	{
		decal_orientation = 0.000000,-1.000000,0.000000,0.000000,0.000000,-1.000000,1.000000,0.000000,0.000000;
		decal_origin = -2.635109,1.450003,-3.976881,0x7E968C3F;
	  f far_plane = 1.100000;
	  x guid = 0x70C86F5F;
	  f horizontal_meters = 4.000000;
	  f lod = 1.000000;
	  f near_plane = 0.100000;
		texture = Art\Bitmaps\Decals\b_d_lakeshore-gravel-a.%img%;
	  f vertical_meters = 4.000000;
	}
	[t:decal,n:*]
	{
		decal_orientation = 0.600000,0.794646,0.092401,0.000000,0.115501,-0.993307,-0.800000,0.595984,0.069301;
		decal_origin = -2.491423,1.487744,-2.233731,0x7E968C3F;
	  f far_plane = 1.100000;
	  x guid = 0x59477E76;
	  f horizontal_meters = 4.000000;
	  f lod = 1.000000;
	  f near_plane = 0.100000;
		texture = Art\Bitmaps\Decals\b_d_lakeshore-gravel-a.%img%;
	  f vertical_meters = 4.000000;
	}
	[t:decal,n:*]
	{
		decal_orientation = 0.671520,0.735378,0.090997,0.000000,0.122804,-0.992431,-0.740987,0.666437,0.082466;
		decal_origin = -2.546060,1.639690,-0.309844,0x7E968C3F;
	  f far_plane = 1.100000;
	  x guid = 0xE948CE8D;
	  f horizontal_meters = 4.000000;
	  f lod = 1.000000;
	  f near_plane = 0.100000;
		texture = Art\Bitmaps\Decals\b_d_lakeshore-gravel-a.%img%;
	  f vertical_meters = 4.000000;
	}
	[t:decal,n:*]
	{
		decal_orientation = -0.134882,-0.899605,-0.415352,0.000000,0.419182,-0.907902,0.990862,-0.122459,-0.056540;
		decal_origin = -1.640175,1.391379,-0.367357,0x7E968C3F;
	  f far_plane = 1.100000;
	  x guid = 0x01CB8C50;
	  f horizontal_meters = 4.000000;
	  f lod = 1.000000;
	  f near_plane = 0.100000;
		texture = Art\Bitmaps\Decals\b_d_lakeshore-gravel-a.%img%;
	  f vertical_meters = 4.000000;
	}
	[t:decal,n:*]
	{
		decal_orientation = -0.734804,-0.669674,-0.107707,0.000000,0.158794,-0.987312,0.678280,-0.725480,-0.116682;
		decal_origin = -2.418730,1.469091,1.410639,0x7E968C3F;
	  f far_plane = 1.100000;
	  x guid = 0xDE47CECF;
	  f horizontal_meters = 4.000000;
	  f lod = 1.000000;
	  f near_plane = 0.100000;
		texture = Art\Bitmaps\Decals\b_d_lakeshore-gravel-a.%img%;
	  f vertical_meters = 4.000000;
	}
	[t:decal,n:*]
	{
		decal_orientation = 0.000000,-1.000000,0.000000,0.000000,0.000000,-1.000000,1.000000,0.000000,0.000000;
		decal_origin = -2.736141,1.450001,3.145702,0x7E968C3F;
	  f far_plane = 1.100000;
	  x guid = 0x7933F240;
	  f horizontal_meters = 4.000000;
	  f lod = 1.000000;
	  f near_plane = 0.100000;
		texture = Art\Bitmaps\Decals\b_d_lakeshore-gravel-a.%img%;
	  f vertical_meters = 4.000000;
	}
	[t:decal,n:*]
	{
		decal_orientation = 0.000000,-1.000000,0.000000,0.000000,0.000000,-1.000000,1.000000,0.000000,0.000000;
		decal_origin = -2.970248,1.450003,-2.785925,0x6ADE1449;
	  f far_plane = 1.100000;
	  x guid = 0x84D1B794;
	  f horizontal_meters = 4.000000;
	  f lod = 1.000000;
	  f near_plane = 0.100000;
		texture = Art\Bitmaps\Decals\b_d_lakeshore-gravel-a.%img%;
	  f vertical_meters = 4.000000;
	}
	[t:decal,n:*]
	{
		decal_orientation = 0.000000,-1.000000,0.000000,0.000000,0.000000,-1.000000,1.000000,0.000000,0.000000;
		decal_origin = -2.499814,1.450001,1.943163,0x6ADE1449;
	  f far_plane = 1.100000;
	  x guid = 0x9FE707A3;
	  f horizontal_meters = 4.000000;
	  f lod = 1.000000;
	  f near_plane = 0.100000;
		texture = Art\Bitmaps\Decals\b_d_lakeshore-gravel-a.%img%;
	  f vertical_meters = 4.000000;
	}
	[t:decal,n:*]
	{
		decal_orientation = 0.671520,0.735378,0.090997,0.000000,0.122804,-0.992431,-0.740987,0.666437,0.082466;
		decal_origin = -2.443085,1.602931,-0.922020,0x6ADE1449;
	  f far_plane = 1.100000;
	  x guid = 0x0D04F302;
	  f horizontal_meters = 4.000000;
	  f lod = 1.000000;
	  f near_plane = 0.100000;
		texture = Art\Bitmaps\Decals\b_d_lakeshore-gravel-a.%img%;
	  f vertical_meters = 4.000000;
	}
	[t:decal,n:*]
	{
		decal_orientation = -0.134882,-0.899605,-0.415352,0.000000,0.419182,-0.907902,0.990862,-0.122459,-0.056540;
		decal_origin = -1.568175,1.388848,-0.855648,0x6ADE1449;
	  f far_plane = 1.100000;
	  x guid = 0x3947F22E;
	  f horizontal_meters = 4.000000;
	  f lod = 1.000000;
	  f near_plane = 0.100000;
		texture = Art\Bitmaps\Decals\b_d_lakeshore-gravel-a.%img%;
	  f vertical_meters = 4.000000;
	}
	[t:decal,n:*]
	{
		decal_orientation = 0.000000,-1.000000,0.000000,0.000000,0.000000,-1.000000,1.000000,0.000000,0.000000;
		decal_origin = -2.769083,1.450003,-3.226938,0x6438DA64;
	  f far_plane = 1.100000;
	  x guid = 0x674383E3;
	  f horizontal_meters = 4.000000;
	  f lod = 1.000000;
	  f near_plane = 0.100000;
		texture = Art\Bitmaps\Decals\b_d_lakeshore-gravel-a.%img%;
	  f vertical_meters = 4.000000;
	}
	[t:decal,n:*]
	{
		decal_orientation = 0.000000,0.939793,0.341743,0.000000,0.341743,-0.939793,-1.000000,0.000000,0.000000;
		decal_origin = -3.287857,1.409388,-0.862932,0x6438DA64;
	  f far_plane = 1.100000;
	  x guid = 0x1ABD8DE8;
	  f horizontal_meters = 4.000000;
	  f lod = 1.000000;
	  f near_plane = 0.100000;
		texture = Art\Bitmaps\Decals\b_d_lakeshore-gravel-a.%img%;
	  f vertical_meters = 4.000000;
	}
	[t:decal,n:*]
	{
		decal_orientation = 0.671520,0.735378,0.090997,0.000000,0.122804,-0.992431,-0.740987,0.666437,0.082466;
		decal_origin = -2.383619,1.596969,-1.003242,0x6438DA64;
	  f far_plane = 1.100000;
	  x guid = 0x6F780985;
	  f horizontal_meters = 4.000000;
	  f lod = 1.000000;
	  f near_plane = 0.100000;
		texture = Art\Bitmaps\Decals\b_d_lakeshore-gravel-a.%img%;
	  f vertical_meters = 4.000000;
	}
	[t:decal,n:*]
	{
		decal_orientation = -0.734804,-0.669674,-0.107707,0.000000,0.158794,-0.987312,0.678280,-0.725480,-0.116682;
		decal_origin = -2.656248,1.515844,1.234276,0x6438DA64;
	  f far_plane = 1.100000;
	  x guid = 0x9AAD5052;
	  f horizontal_meters = 4.000000;
	  f lod = 1.000000;
	  f near_plane = 0.100000;
		texture = Art\Bitmaps\Decals\b_d_lakeshore-gravel-a.%img%;
	  f vertical_meters = 4.000000;
	}
	[t:decal,n:*]
	{
		decal_orientation = 0.671520,0.735378,0.090997,0.000000,0.122804,-0.992431,-0.740987,0.666437,0.082466;
		decal_origin = -2.283926,1.568456,-1.456382,0x6438DA64;
	  f far_plane = 1.100000;
	  x guid = 0x194E7284;
	  f horizontal_meters = 4.000000;
	  f lod = 1.000000;
	  f near_plane = 0.100000;
		texture = Art\Bitmaps\Decals\b_d_lakeshore-gravel-a.%img%;
	  f vertical_meters = 4.000000;
	}
	[t:decal,n:*]
	{
		decal_orientation = 0.000000,-1.000000,0.000000,0.000000,0.000000,-1.000000,1.000000,0.000000,0.000000;
		decal_origin = -3.448274,1.000000,-1.896029,0x1FBE89E8;
	  f far_plane = 1.100000;
	  x guid = 0x97E06A9B;
	  f horizontal_meters = 4.000000;
	  f lod = 1.000000;
	  f near_plane = 0.100000;
		texture = Art\Bitmaps\Decals\b_d_lakeshore-gravel-a.%img%;
	  f vertical_meters = 4.000000;
	}
	[t:decal,n:*]
	{
		decal_orientation = 0.000000,-1.000000,0.000000,0.000000,0.000000,-1.000000,1.000000,0.000000,0.000000;
		decal_origin = -2.041889,1.000000,-1.831359,0x82D69E8E;
	  f far_plane = 1.100000;
	  x guid = 0xAEE234C4;
	  f horizontal_meters = 4.000000;
	  f lod = 1.000000;
	  f near_plane = 0.100000;
		texture = Art\Bitmaps\Decals\b_d_lakeshore-gravel-a.%img%;
	  f vertical_meters = 4.000000;
	}
	[t:decal,n:*]
	{
		decal_orientation = 0.000000,-1.000000,0.000000,0.000000,0.000000,-1.000000,1.000000,0.000000,0.000000;
		decal_origin = 0.076803,1.000000,-1.568432,0x535CF193;
	  f far_plane = 1.100000;
	  x guid = 0x1714E186;
	  f horizontal_meters = 4.000000;
	  f lod = 1.000000;
	  f near_plane = 0.100000;
		texture = Art\Bitmaps\Decals\b_d_lakeshore-gravel-a.%img%;
	  f vertical_meters = 4.000000;
	}
	[t:decal,n:*]
	{
		decal_orientation = 0.000000,-1.000000,0.000000,0.000000,0.000000,-1.000000,1.000000,0.000000,0.000000;
		decal_origin = -1.502608,1.000000,-1.410731,0x535CF193;
	  f far_plane = 1.100000;
	  x guid = 0xED009CBF;
	  f horizontal_meters = 4.000000;
	  f lod = 1.000000;
	  f near_plane = 0.100000;
		texture = Art\Bitmaps\Decals\b_d_lakeshore-gravel-a.%img%;
	  f vertical_meters = 4.000000;
	}
	[t:decal,n:*]
	{
		decal_orientation = 0.000000,-1.000000,0.000000,0.000000,0.000000,-1.000000,1.000000,0.000000,0.000000;
		decal_origin = -3.491394,1.000000,0.735378,0x98A79665;
	  f far_plane = 1.100000;
	  x guid = 0xC000B337;
	  f horizontal_meters = 4.000000;
	  f lod = 1.000000;
	  f near_plane = 0.100000;
		texture = Art\Bitmaps\Decals\b_d_blood.%img%;
	  f vertical_meters = 4.000000;
	}
	[t:decal,n:*]
	{
		decal_orientation = -0.114624,0.992744,0.036339,0.000000,0.036581,-0.999331,-0.993409,-0.114547,-0.004193;
		decal_origin = 2.022227,-10.932259,-2.626567,0x10580F0E;
	  f far_plane = 1.100000;
	  x guid = 0x9B9B4CCF;
	  f horizontal_meters = 4.000000;
	  f lod = 1.000000;
	  f near_plane = 0.100000;
		texture = Art\Bitmaps\Decals\b_d_sr02-a.%img%;
	  f vertical_meters = 4.000000;
	}
	[t:decal,n:*]
	{
		decal_orientation = 0.038433,0.998687,0.033879,0.000000,0.033904,-0.999425,-0.999261,0.038411,0.001303;
		decal_origin = 0.324815,-10.990953,-2.647229,0x10580F0E;
	  f far_plane = 1.100000;
	  x guid = 0x411A8C50;
	  f horizontal_meters = 4.000000;
	  f lod = 1.000000;
	  f near_plane = 0.100000;
		texture = Art\Bitmaps\Decals\b_d_sr02-a.%img%;
	  f vertical_meters = 4.000000;
	}
	[t:decal,n:*]
	{
		decal_orientation = 0.912509,-0.408758,-0.015614,0.000000,0.038170,-0.999271,0.409056,0.911844,0.034830;
		decal_origin = -1.933339,-10.987099,-2.539862,0x10580F0E;
	  f far_plane = 1.100000;
	  x guid = 0xE6B39416;
	  f horizontal_meters = 4.000000;
	  f lod = 1.000000;
	  f near_plane = 0.100000;
		texture = Art\Bitmaps\Decals\b_d_sr02-a.%img%;
	  f vertical_meters = 4.000000;
	}
	[t:decal,n:*]
	{
		decal_orientation = 0.000000,-1.000000,0.000000,0.000000,0.000000,-1.000000,1.000000,0.000000,0.000000;
		decal_origin = 3.776276,1.000000,-2.931277,0x607FBDD3;
	  f far_plane = 1.100000;
	  x guid = 0x98DC6F5A;
	  f horizontal_meters = 4.000000;
	  f lod = 1.000000;
	  f near_plane = 0.100000;
		texture = Art\Bitmaps\Decals\b_d_lakeshore-gravel-a.%img%;
	  f vertical_meters = 4.000000;
	}
	[t:decal,n:*]
	{
		decal_orientation = 0.000000,-1.000000,0.000000,0.000000,0.000000,-1.000000,1.000000,0.000000,0.000000;
		decal_origin = 2.394950,1.000000,-3.780396,0x607FBDD3;
	  f far_plane = 1.100000;
	  x guid = 0x384196E5;
	  f horizontal_meters = 4.000000;
	  f lod = 1.000000;
	  f near_plane = 0.100000;
		texture = Art\Bitmaps\Decals\b_d_lakeshore-gravel-a.%img%;
	  f vertical_meters = 4.000000;
	}
	[t:decal,n:*]
	{
		decal_orientation = 0.000000,-1.000000,0.000000,0.000000,0.000000,-1.000000,1.000000,0.000000,0.000000;
		decal_origin = 0.240577,1.000000,-3.623668,0x607FBDD3;
	  f far_plane = 1.100000;
	  x guid = 0xC8E1A5B2;
	  f horizontal_meters = 4.000000;
	  f lod = 1.000000;
	  f near_plane = 0.100000;
		texture = Art\Bitmaps\Decals\b_d_lakeshore-gravel-a.%img%;
	  f vertical_meters = 4.000000;
	}
	[t:decal,n:*]
	{
		decal_orientation = 0.000000,-1.000000,0.000000,0.000000,0.000000,-1.000000,1.000000,0.000000,0.000000;
		decal_origin = -3.304732,1.000000,-3.385934,0xF516CA88;
	  f far_plane = 1.100000;
	  x guid = 0xAB285AEB;
	  f horizontal_meters = 4.000000;
	  f lod = 1.000000;
	  f near_plane = 0.100000;
		texture = Art\Bitmaps\Decals\b_d_lakeshore-gravel-a.%img%;
	  f vertical_meters = 4.000000;
	}
	[t:decal,n:*]
	{
		decal_orientation = 0.000000,-1.000000,0.000000,0.000000,0.000000,-1.000000,1.000000,0.000000,0.000000;
		decal_origin = -1.485593,1.000000,-3.160143,0xF516CA88;
	  f far_plane = 1.100000;
	  x guid = 0x3B1DE1F2;
	  f horizontal_meters = 4.000000;
	  f lod = 1.000000;
	  f near_plane = 0.100000;
		texture = Art\Bitmaps\Decals\b_d_lakeshore-gravel-a.%img%;
	  f vertical_meters = 4.000000;
	}
	[t:decal,n:*]
	{
		decal_orientation = 0.000000,-1.000000,0.000000,0.000000,0.000000,-1.000000,1.000000,0.000000,0.000000;
		decal_origin = 0.241895,1.000000,-3.661460,0xF516CA88;
	  f far_plane = 1.100000;
	  x guid = 0x0DA0B159;
	  f horizontal_meters = 4.000000;
	  f lod = 1.000000;
	  f near_plane = 0.100000;
		texture = Art\Bitmaps\Decals\b_d_lakeshore-gravel-a.%img%;
	  f vertical_meters = 4.000000;
	}
	[t:decal,n:*]
	{
		decal_orientation = 0.000000,-1.000000,0.000000,0.000000,0.000000,-1.000000,1.000000,0.000000,0.000000;
		decal_origin = 0.199200,1.000000,-2.951792,0xF516CA88;
	  f far_plane = 1.100000;
	  x guid = 0x6A0361D1;
	  f horizontal_meters = 4.000000;
	  f lod = 1.000000;
	  f near_plane = 0.100000;
		texture = Art\Bitmaps\Decals\b_d_lakeshore-gravel-a.%img%;
	  f vertical_meters = 4.000000;
	}
	[t:decal,n:*]
	{
