[decals]
{
	[t:decal,n:*]
	{
		decal_orientation = 0.000000,-1.000000,0.000000,0.000000,0.000000,-1.000000,1.000000,0.000000,0.000000;
		decal_origin = -2.973501,-11.000000,-5.033171,0xE8BADD2B;
	  f far_plane = 1.100000;
	  x guid = 0xFA4E7015;
	  f horizontal_meters = 4.000000;
	  f lod = 1.000000;
	  f near_plane = 0.100000;
		texture = Art\Bitmaps\Decals\b_d_for01-b.%img%;
	  f vertical_meters = 4.000000;
	}
	[t:decal,n:*]
	{
		decal_orientation = 0.707107,0.704809,0.056957,0.000000,0.080550,-0.996751,-0.707107,0.704809,0.056957;
		decal_origin = 3.076421,6.964334,4.242371,0x14A3DEC7;
	  f far_plane = 1.100000;
	  x guid = 0xC6A4203D;
	  f horizontal_meters = 4.000000;
	  f lod = 1.000000;
	  f near_plane = 0.100000;
		texture = Art\Bitmaps\Decals\b_d_for01-b.%img%;
	  f vertical_meters = 4.000000;
	}
	[t:decal,n:*]
	{
		decal_orientation = 0.707107,0.685460,0.173622,0.000000,0.245538,-0.969387,-0.707107,0.685460,0.173622;
		decal_origin = -2.506248,-4.863091,-0.905682,0xAD64B5B8;
	  f far_plane = 1.100000;
	  x guid = 0x044501DB;
	  f horizontal_meters = 4.000000;
	  f lod = 1.000000;
	  f near_plane = 0.100000;
		texture = Art\Bitmaps\Decals\b_d_for01-b.%img%;
	  f vertical_meters = 4.000000;
	}
	[t:decal,n:*]
	{
		decal_orientation = 0.000000,-1.000000,0.000000,0.000000,0.000000,-1.000000,1.000000,0.000000,0.000000;
		decal_origin = -0.849949,1.000004,-1.286616,0x93A1438B;
	  f far_plane = 1.100000;
	  x guid = 0x55D127FC;
	  f horizontal_meters = 4.000000;
	  f lod = 1.000000;
	  f near_plane = 0.100000;
		texture = Art\Bitmaps\Decals\b_d_for01-b.%img%;
	  f vertical_meters = 4.000000;
	}
	[t:decal,n:*]
	{
		decal_orientation = 0.000000,-1.000000,0.000000,0.000000,0.000000,-1.000000,1.000000,0.000000,0.000000;
		decal_origin = 2.555176,1.000000,-3.462337,0xE1695761;
	  f far_plane = 1.100000;
	  x guid = 0x45C33ADE;
	  f horizontal_meters = 4.000000;
	  f lod = 1.000000;
	  f near_plane = 0.100000;
		texture = Art\Bitmaps\Decals\b_d_for01-b.%img%;
	  f vertical_meters = 4.000000;
	}
	[t:decal,n:*]
	{
		decal_orientation = 0.000000,-1.000000,0.000000,0.000000,0.000000,-1.000000,1.000000,0.000000,0.000000;
		decal_origin = 2.699073,1.000000,-0.908926,0x318FFC2B;
	  f far_plane = 1.100000;
	  x guid = 0xB14C3DD7;
	  f horizontal_meters = 4.000000;
	  f lod = 1.000000;
	  f near_plane = 0.100000;
		texture = Art\Bitmaps\Decals\b_d_for01-b.%img%;
	  f vertical_meters = 4.000000;
	}
	[t:decal,n:*]
	{
		decal_orientation = 0.000000,-1.000000,0.000000,0.000000,0.000000,-1.000000,1.000000,0.000000,0.000000;
		decal_origin = -3.457823,1.000000,-0.477063,0x318FFC2B;
	  f far_plane = 1.100000;
	  x guid = 0x24DDAB8F;
	  f horizontal_meters = 4.000000;
	  f lod = 1.000000;
	  f near_plane = 0.100000;
		texture = Art\Bitmaps\Decals\b_d_for01-b.%img%;
	  f vertical_meters = 4.000000;
	}
	[t:decal,n:*]
	{
		decal_orientation = 0.000000,-1.000000,0.000000,0.000000,0.000000,-1.000000,1.000000,0.000000,0.000000;
		decal_origin = 3.294477,-19.000000,-5.214135,0xC601AF3F;
	  f far_plane = 1.100000;
	  x guid = 0x3087C6B4;
	  f horizontal_meters = 4.000000;
	  f lod = 1.000000;
	  f near_plane = 0.100000;
		texture = Art\Bitmaps\Decals\b_d_for01-b.%img%;
	  f vertical_meters = 4.000000;
	}
	[t:decal,n:*]
	{
		decal_orientation = 0.000000,-1.000000,0.000000,0.000000,0.000000,-1.000000,1.000000,0.000000,0.000000;
		decal_origin = -3.002163,-15.000000,-4.613754,0x4A510427;
	  f far_plane = 1.100000;
	  x guid = 0xFCCCA5F8;
	  f horizontal_meters = 4.000000;
	  f lod = 1.000000;
	  f near_plane = 0.100000;
		texture = Art\Bitmaps\Decals\b_d_for01-b.%img%;
	  f vertical_meters = 4.000000;
	}
	[t:decal,n:*]
	{
		decal_orientation = 0.000000,-1.000000,0.000000,0.000000,0.000000,-1.000000,1.000000,0.000000,0.000000;
		decal_origin = 3.193213,0.999996,1.774177,0xAE81B822;
	  f far_plane = 1.100000;
	  x guid = 0x51C248FB;
	  f horizontal_meters = 4.000000;
	  f lod = 1.000000;
	  f near_plane = 0.100000;
		texture = Art\Bitmaps\Decals\b_d_for01-b.%img%;
	  f vertical_meters = 4.000000;
	}
	[t:decal,n:*]
	{
		decal_orientation = 0.000000,-1.000000,0.000000,0.000000,0.000000,-1.000000,1.000000,0.000000,0.000000;
		decal_origin = -0.561251,1.000000,2.278632,0xAC98EDB9;
	  f far_plane = 1.100000;
	  x guid = 0xC5DE933C;
	  f horizontal_meters = 4.000000;
	  f lod = 1.000000;
	  f near_plane = 0.100000;
		texture = Art\Bitmaps\Decals\b_d_for01-b.%img%;
	  f vertical_meters = 4.000000;
	}
	[t:decal,n:*]
	{
		decal_orientation = 0.000000,-0.990492,-0.137568,0.000000,0.137568,-0.990492,1.000000,0.000000,0.000000;
		decal_origin = -5.346416,-2.936602,-5.181273,0x9C36EA2E;
	  f far_plane = 1.100000;
	  x guid = 0xBB8A2EEC;
	  f horizontal_meters = 4.000000;
	  f lod = 1.000000;
	  f near_plane = 0.100000;
		texture = Art\Bitmaps\Decals\b_d_for01-b.%img%;
	  f vertical_meters = 4.000000;
	}
	[t:decal,n:*]
	{
		decal_orientation = 0.000000,-1.000000,0.000000,0.000000,0.000000,-1.000000,1.000000,0.000000,0.000000;
		decal_origin = -2.971282,1.000000,2.625072,0x52F02454;
	  f far_plane = 1.100000;
	  x guid = 0x781F85EE;
	  f horizontal_meters = 4.000000;
	  f lod = 1.000000;
	  f near_plane = 0.100000;
		texture = Art\Bitmaps\Decals\b_d_for01-b.%img%;
	  f vertical_meters = 4.000000;
	}
	[t:decal,n:*]
	{
		decal_orientation = 0.832050,-0.539338,-0.129641,0.000000,0.233713,-0.972306,0.554700,0.809007,0.194461;
		decal_origin = 0.686474,-0.917989,-3.274719,0x879CEB94;
	  f far_plane = 1.100000;
	  x guid = 0x4FFC0C7A;
	  f horizontal_meters = 4.000000;
	  f lod = 1.000000;
	  f near_plane = 0.100000;
		texture = Art\Bitmaps\Decals\b_d_lc01-a.%img%;
	  f vertical_meters = 4.000000;
	}
	[t:decal,n:*]
	{
		decal_orientation = 0.832050,0.539338,0.129641,0.000000,0.233713,-0.972306,-0.554700,0.809007,0.194461;
		decal_origin = -0.539923,-0.943492,-3.499920,0x879CEB94;
	  f far_plane = 1.100000;
	  x guid = 0x4D7EB66E;
	  f horizontal_meters = 4.000000;
	  f lod = 1.000000;
	  f near_plane = 0.100000;
		texture = Art\Bitmaps\Decals\b_d_lc01-a.%img%;
	  f vertical_meters = 4.000000;
	}
	[t:decal,n:*]
	{
		decal_orientation = 0.000000,-1.000000,0.000000,0.000000,0.000000,-1.000000,1.000000,0.000000,0.000000;
		decal_origin = 3.060057,-1.000000,2.647059,0x0E8C227B;
	  f far_plane = 1.100000;
	  x guid = 0x5FF90403;
	  f horizontal_meters = 4.000000;
	  f lod = 1.000000;
	  f near_plane = 0.100000;
		texture = Art\Bitmaps\Decals\b_d_lc01-a.%img%;
	  f vertical_meters = 4.000000;
	}
	[t:decal,n:*]
	{
		decal_orientation = 0.995037,0.088910,0.044677,0.000000,0.448995,-0.893534,-0.099504,0.889100,0.446767;
		decal_origin = 1.179478,2.811520,3.266790,0xEBDEF954;
	  f far_plane = 1.100000;
	  x guid = 0xFE52058E;
	  f horizontal_meters = 4.000000;
	  f lod = 1.000000;
	  f near_plane = 0.100000;
		texture = Art\Bitmaps\Decals\b_d_lc01-a.%img%;
	  f vertical_meters = 4.000000;
	}
	[t:decal,n:*]
	{
		decal_orientation = 0.000000,-1.000000,0.000000,0.000000,0.000000,-1.000000,1.000000,0.000000,0.000000;
		decal_origin = -1.639874,1.000000,0.603503,0x46F0328F;
	  f far_plane = 1.100000;
	  x guid = 0x0FAFA5A4;
	  f horizontal_meters = 4.000000;
	  f lod = 1.000000;
	  f near_plane = 0.100000;
		texture = Art\Bitmaps\Decals\b_d_for01-b.%img%;
	  f vertical_meters = 4.000000;
	}
	[t:decal,n:*]
	{
		decal_orientation = 0.995037,-0.088910,-0.044677,0.000000,0.448995,-0.893534,0.099504,0.889100,0.446767;
		decal_origin = -1.179439,2.821640,3.287036,0xBB04A5CA;
	  f far_plane = 1.100000;
	  x guid = 0x32634FFF;
	  f horizontal_meters = 4.000000;
	  f lod = 1.000000;
	  f near_plane = 0.100000;
		texture = Art\Bitmaps\Decals\b_d_lc01-a.%img%;
	  f vertical_meters = 4.000000;
	}
	[t:decal,n:*]
	{
		decal_orientation = 0.995037,0.088910,0.044677,0.000000,0.448995,-0.893534,-0.099504,0.889100,0.446767;
		decal_origin = 0.005352,2.727160,3.215481,0xBB04A5CA;
	  f far_plane = 1.100000;
	  x guid = 0xDE7004C2;
	  f horizontal_meters = 4.000000;
	  f lod = 1.000000;
	  f near_plane = 0.100000;
		texture = Art\Bitmaps\Decals\b_d_lc01-a.%img%;
	  f vertical_meters = 4.000000;
	}
	[t:decal,n:*]
	{
		decal_orientation = 0.999224,0.033362,0.020919,0.000000,0.531235,-0.847225,-0.039378,0.846567,0.530823;
		decal_origin = 1.562826,2.678029,2.975142,0xBB04A5CA;
	  f far_plane = 1.100000;
	  x guid = 0x2420ADB4;
	  f horizontal_meters = 4.000000;
	  f lod = 1.000000;
	  f near_plane = 0.100000;
		texture = Art\Bitmaps\Decals\b_d_lc01-a.%img%;
	  f vertical_meters = 4.000000;
	}
	[t:decal,n:*]
	{
		decal_orientation = 0.998311,0.047745,0.033110,0.000000,0.569861,-0.821741,-0.058103,0.820353,0.568898;
		decal_origin = -1.969592,2.256594,2.355522,0xBB04A5CA;
	  f far_plane = 1.100000;
	  x guid = 0x752CAC58;
	  f horizontal_meters = 4.000000;
	  f lod = 1.000000;
	  f near_plane = 0.100000;
		texture = Art\Bitmaps\Decals\b_d_lc01-a.%img%;
	  f vertical_meters = 4.000000;
	}
	[t:decal,n:*]
	{
		decal_orientation = 0.000000,-1.000000,0.000000,0.000000,0.000000,-1.000000,1.000000,0.000000,0.000000;
		decal_origin = -7.878133,9.050000,1.568058,0x1BED0A7D;
	  f far_plane = 1.100000;
	  x guid = 0x8FB5FBF6;
	  f horizontal_meters = 4.000000;
	  f lod = 1.000000;
	  f near_plane = 0.100000;
		texture = Art\Bitmaps\Decals\b_d_lc01-a.%img%;
	  f vertical_meters = 4.000000;
	}
	[t:decal,n:*]
	{
		decal_orientation = 0.000000,-0.990492,-0.137568,0.000000,0.137568,-0.990492,1.000000,0.000000,0.000000;
		decal_origin = -2.983238,1.000000,1.625333,0x79638159;
	  f far_plane = 1.100000;
	  x guid = 0x9BEEFA54;
	  f horizontal_meters = 4.000000;
	  f lod = 1.000000;
	  f near_plane = 0.100000;
		texture = Art\Bitmaps\Decals\b_d_for01-b.%img%;
	  f vertical_meters = 4.000000;
	}
	[t:decal,n:*]
	{
		decal_orientation = 0.000000,-0.990492,-0.137568,0.000000,0.137568,-0.990492,1.000000,0.000000,0.000000;
		decal_origin = -3.921486,1.000000,1.510371,0x79638159;
	  f far_plane = 1.100000;
	  x guid = 0x66755D94;
	  f horizontal_meters = 4.000000;
	  f lod = 1.000000;
	  f near_plane = 0.100000;
		texture = Art\Bitmaps\Decals\b_d_for01-b.%img%;
	  f vertical_meters = 4.000000;
	}
	[t:decal,n:*]
	{
		decal_orientation = 0.000000,-0.990492,-0.137568,0.000000,0.137568,-0.990492,1.000000,0.000000,0.000000;
		decal_origin = 3.212250,1.000000,0.634913,0x79638159;
	  f far_plane = 1.100000;
	  x guid = 0x764BF865;
	  f horizontal_meters = 4.000000;
	  f lod = 1.000000;
	  f near_plane = 0.100000;
		texture = Art\Bitmaps\Decals\b_d_for01-b.%img%;
	  f vertical_meters = 4.000000;
	}
	[t:decal,n:*]
	{
		decal_orientation = 0.000000,-0.990492,-0.137568,0.000000,0.137568,-0.990492,1.000000,0.000000,0.000000;
		decal_origin = 2.147255,1.000000,0.248601,0x79638159;
	  f far_plane = 1.100000;
	  x guid = 0xE5CE4781;
	  f horizontal_meters = 4.000000;
	  f lod = 1.000000;
	  f near_plane = 0.100000;
		texture = Art\Bitmaps\Decals\b_d_for01-b.%img%;
	  f vertical_meters = 4.000000;
	}
	[t:decal,n:*]
	{
		decal_orientation = 0.707107,0.700384,0.097276,0.000000,0.137569,-0.990492,-0.707107,0.700384,0.097276;
		decal_origin = 0.325409,1.000000,-0.003728,0x79638159;
	  f far_plane = 1.100000;
	  x guid = 0x9EA39E25;
	  f horizontal_meters = 4.000000;
	  f lod = 1.000000;
	  f near_plane = 0.100000;
		texture = Art\Bitmaps\Decals\b_d_for01-b.%img%;
	  f vertical_meters = 4.000000;
	}
	[t:decal,n:*]
	{
		decal_orientation = 0.000000,-1.000000,0.000000,0.000000,0.000000,-1.000000,1.000000,0.000000,0.000000;
		decal_origin = -1.537130,6.950002,-1.940938,0xBC7365A4;
	  f far_plane = 1.100000;
	  x guid = 0xDEC5EF90;
	  f horizontal_meters = 4.000000;
	  f lod = 1.000000;
	  f near_plane = 0.100000;
		texture = Art\Bitmaps\Decals\b_d_lc01-a.%img%;
	  f vertical_meters = 4.000000;
	}
	[t:decal,n:*]
	{
		decal_orientation = -1.000000,0.000000,0.000000,0.000000,0.316228,-0.948683,0.000000,-0.948683,-0.316228;
		decal_origin = 1.703871,6.928689,2.226213,0x59BEFC90;
	  f far_plane = 1.100000;
	  x guid = 0xE77AB742;
	  f horizontal_meters = 4.000000;
	  f lod = 1.000000;
	  f near_plane = 0.100000;
		texture = Art\Bitmaps\Decals\b_d_lc01-a.%img%;
	  f vertical_meters = 4.000000;
	}
	[t:decal,n:*]
	{
		decal_orientation = 0.000000,-0.990492,-0.137568,0.000000,0.137568,-0.990492,1.000000,0.000000,0.000000;
		decal_origin = -3.793854,1.000000,0.275156,0x7B65DFF5;
	  f far_plane = 1.100000;
	  x guid = 0xB37CF9FE;
	  f horizontal_meters = 4.000000;
	  f lod = 1.000000;
	  f near_plane = 0.100000;
		texture = Art\Bitmaps\Decals\b_d_for01-b.%img%;
	  f vertical_meters = 4.000000;
	}
	[t:decal,n:*]
	{
		decal_orientation = 0.000000,-0.990492,-0.137568,0.000000,0.137568,-0.990492,1.000000,0.000000,0.000000;
		decal_origin = -3.718719,1.000000,2.138556,0x7B65DFF5;
	  f far_plane = 1.100000;
	  x guid = 0xBBE8E97B;
	  f horizontal_meters = 4.000000;
	  f lod = 1.000000;
	  f near_plane = 0.100000;
		texture = Art\Bitmaps\Decals\b_d_for01-b.%img%;
	  f vertical_meters = 4.000000;
	}
	[t:decal,n:*]
	{
		decal_orientation = 0.000000,-0.990492,-0.137568,0.000000,0.137568,-0.990492,1.000000,0.000000,0.000000;
		decal_origin = -3.666435,1.000000,-1.690166,0x7B65DFF5;
	  f far_plane = 1.100000;
	  x guid = 0x81C68F8A;
	  f horizontal_meters = 4.000000;
	  f lod = 1.000000;
	  f near_plane = 0.100000;
		texture = Art\Bitmaps\Decals\b_d_for01-b.%img%;
	  f vertical_meters = 4.000000;
	}
	[t:decal,n:*]
	{
		decal_orientation = 0.000000,-0.990492,-0.137568,0.000000,0.137568,-0.990492,1.000000,0.000000,0.000000;
		decal_origin = 2.826087,-2.865950,-0.601787,0x222ABD64;
	  f far_plane = 1.100000;
	  x guid = 0xF5E4E067;
	  f horizontal_meters = 4.000000;
	  f lod = 1.000000;
	  f near_plane = 0.100000;
		texture = Art\Bitmaps\Decals\b_d_for01-b.%img%;
	  f vertical_meters = 4.000000;
	}
	[t:decal,n:*]
	{
		decal_orientation = 0.000000,-0.990492,-0.137568,0.000000,0.137568,-0.990492,1.000000,0.000000,0.000000;
		decal_origin = 2.466446,-3.000000,-1.987870,0x222ABD64;
	  f far_plane = 1.100000;
	  x guid = 0x7D29D81B;
	  f horizontal_meters = 4.000000;
	  f lod = 1.000000;
	  f near_plane = 0.100000;
		texture = Art\Bitmaps\Decals\b_d_for01-b.%img%;
	  f vertical_meters = 4.000000;
	}
	[t:decal,n:*]
	{
		decal_orientation = 0.000000,-0.990492,-0.137568,0.000000,0.137568,-0.990492,1.000000,0.000000,0.000000;
		decal_origin = 1.157150,-3.000001,-1.978354,0x222ABD64;
	  f far_plane = 1.100000;
	  x guid = 0x25E0F2D1;
	  f horizontal_meters = 4.000000;
	  f lod = 1.000000;
	  f near_plane = 0.100000;
		texture = Art\Bitmaps\Decals\b_d_for01-b.%img%;
	  f vertical_meters = 4.000000;
	}
	[t:decal,n:*]
	{
		decal_orientation = 0.000000,-0.990492,-0.137568,0.000000,0.137568,-0.990492,1.000000,0.000000,0.000000;
		decal_origin = 0.279724,-3.000000,-1.723366,0x222ABD64;
	  f far_plane = 1.100000;
	  x guid = 0x9F82BF1A;
	  f horizontal_meters = 4.000000;
	  f lod = 1.000000;
	  f near_plane = 0.100000;
		texture = Art\Bitmaps\Decals\b_d_for01-b.%img%;
	  f vertical_meters = 4.000000;
	}
	[t:decal,n:*]
	{
		decal_orientation = 0.000000,-0.990492,-0.137568,0.000000,0.137568,-0.990492,1.000000,0.000000,0.000000;
		decal_origin = -0.735878,-3.000000,-1.777515,0x222ABD64;
	  f far_plane = 1.100000;
	  x guid = 0xFFF1C03B;
	  f horizontal_meters = 4.000000;
	  f lod = 1.000000;
	  f near_plane = 0.100000;
		texture = Art\Bitmaps\Decals\b_d_for01-b.%img%;
	  f vertical_meters = 4.000000;
	}
	[t:decal,n:*]
	{
		decal_orientation = 0.000000,-0.990492,-0.137568,0.000000,0.137568,-0.990492,1.000000,0.000000,0.000000;
		decal_origin = -2.313614,-2.956412,-1.822322,0x222ABD64;
	  f far_plane = 1.100000;
	  x guid = 0x9BAE3E92;
	  f horizontal_meters = 4.000000;
	  f lod = 1.000000;
	  f near_plane = 0.100000;
		texture = Art\Bitmaps\Decals\b_d_for01-b.%img%;
	  f vertical_meters = 4.000000;
	}
	[t:decal,n:*]
	{
		decal_orientation = -0.216931,-0.976073,-0.014924,0.000000,0.015288,-0.999883,0.976187,-0.216905,-0.003316;
		decal_origin = -2.168765,-10.966759,-1.327679,0x1794B9B8;
	  f far_plane = 1.100000;
	  x guid = 0xDF8778A6;
	  f horizontal_meters = 4.000000;
	  f lod = 1.000000;
	  f near_plane = 0.100000;
		texture = art\bitmaps\decals\b_d_sand-desert.raw;
	  f vertical_meters = 4.000000;
	}
	[t:decal,n:*]
	{
		decal_orientation = -0.216931,-0.976073,-0.014924,0.000000,0.015288,-0.999883,0.976187,-0.216905,-0.003316;
		decal_origin = -0.235333,-10.996246,-1.137230,0x1794B9B8;
	  f far_plane = 1.100000;
	  x guid = 0xA72AF104;
	  f horizontal_meters = 4.000000;
	  f lod = 1.000000;
	  f near_plane = 0.100000;
		texture = art\bitmaps\decals\b_d_sand-desert.raw;
	  f vertical_meters = 4.000000;
	}
	[t:decal,n:*]
	{
		decal_orientation = 0.038433,0.999135,0.015871,0.000000,0.015883,-0.999874,-0.999261,0.038428,0.000610;
		decal_origin = 2.097545,-10.966477,-0.931237,0x1794B9B8;
	  f far_plane = 1.100000;
	  x guid = 0xB64A8AE2;
	  f horizontal_meters = 4.000000;
	  f lod = 1.000000;
	  f near_plane = 0.100000;
		texture = art\bitmaps\decals\b_d_sand-desert.raw;
	  f vertical_meters = 4.000000;
	}
	[t:decal,n:*]
	{
		decal_orientation = -0.995197,0.097874,0.001684,0.000000,0.017205,-0.999852,-0.097888,-0.995050,-0.017123;
		decal_origin = 1.817565,-10.990455,1.139822,0x1794B9B8;
	  f far_plane = 1.100000;
	  x guid = 0xEF58AA8C;
	  f horizontal_meters = 4.000000;
	  f lod = 1.000000;
	  f near_plane = 0.100000;
		texture = art\bitmaps\decals\b_d_sand-desert.raw;
	  f vertical_meters = 4.000000;
	}
	[t:decal,n:*]
	{
		decal_orientation = 0.038433,0.999135,0.015871,0.000000,0.015883,-0.999874,-0.999261,0.038428,0.000610;
		decal_origin = 0.205890,-10.995564,0.608706,0x1794B9B8;
	  f far_plane = 1.100000;
	  x guid = 0x2E822B9E;
	  f horizontal_meters = 4.000000;
	  f lod = 1.000000;
	  f near_plane = 0.100000;
		texture = art\bitmaps\decals\b_d_sand-desert.raw;
	  f vertical_meters = 4.000000;
	}
	[t:decal,n:*]
	{
		decal_orientation = 0.842271,-0.538847,-0.014920,0.000000,0.027678,-0.999617,0.539054,0.841949,0.023312;
		decal_origin = -1.533538,-10.951290,-0.009214,0x1794B9B8;
	  f far_plane = 1.100000;
	  x guid = 0x6549EDCF;
	  f horizontal_meters = 4.000000;
	  f lod = 1.000000;
	  f near_plane = 0.100000;
		texture = art\bitmaps\decals\b_d_sand-desert.raw;
	  f vertical_meters = 4.000000;
	}
	[t:decal,n:*]
	{
		decal_orientation = 0.000000,-1.000000,0.000000,0.000000,0.000000,-1.000000,1.000000,0.000000,0.000000;
		decal_origin = 0.297268,1.000000,-1.611826,0x28391831;
	  f far_plane = 1.100000;
	  x guid = 0x2A3BAB2E;
	  f horizontal_meters = 4.000000;
	  f lod = 1.000000;
	  f near_plane = 0.100000;
		texture = art\bitmaps\decals\b_d_sand-desert.raw;
	  f vertical_meters = 4.000000;
	}
	[t:decal,n:*]
	{
		decal_orientation = 0.000000,-1.000000,0.000000,0.000000,0.000000,-1.000000,1.000000,0.000000,0.000000;
		decal_origin = 3.791306,-11.000000,-5.893976,0xDE6BF2D9;
	  f far_plane = 1.100000;
	  x guid = 0x80DA63EA;
	  f horizontal_meters = 4.000000;
	  f lod = 1.000000;
	  f near_plane = 0.100000;
		texture = art\bitmaps\decals\b_d_sand-desert.raw;
	  f vertical_meters = 4.000000;
	}
	[t:decal,n:*]
	{
		decal_orientation = 0.000000,-1.000000,0.000000,0.000000,0.000000,-1.000000,1.000000,0.000000,0.000000;
		decal_origin = 3.526234,-11.000000,-3.524702,0xDE6BF2D9;
	  f far_plane = 1.100000;
	  x guid = 0xD6B66A6D;
	  f horizontal_meters = 4.000000;
	  f lod = 1.000000;
	  f near_plane = 0.100000;
		texture = art\bitmaps\decals\b_d_sand-desert.raw;
	  f vertical_meters = 4.000000;
	}
	[t:decal,n:*]
	{
		decal_orientation = 0.000000,-1.000000,0.000000,0.000000,0.000000,-1.000000,1.000000,0.000000,0.000000;
		decal_origin = 2.071220,-11.000001,-4.456764,0xDE6BF2D9;
	  f far_plane = 1.100000;
	  x guid = 0xEEBF3C2D;
	  f horizontal_meters = 4.000000;
	  f lod = 1.000000;
	  f near_plane = 0.100000;
		texture = art\bitmaps\decals\b_d_sand-desert.raw;
	  f vertical_meters = 4.000000;
	}
}
