[decals]
{
	[t:decal,n:*]
	{
		decal_orientation = 0.000000,-1.000000,0.000000,0.000000,0.000000,-1.000000,1.000000,0.000000,0.000000;
		decal_origin = 1.758256,7.000002,1.411499,0x8319D5D2;
	  f far_plane = 1.100000;
	  x guid = 0xAD399104;
	  f horizontal_meters = 4.000000;
	  f lod = 1.000000;
	  f near_plane = 0.100000;
		texture = Art\Bitmaps\Decals\b_d_for01-a.%img%;
	  f vertical_meters = 4.000000;
	}
	[t:decal,n:*]
	{
		decal_orientation = 0.000000,-1.000000,0.000000,0.000000,0.000000,-1.000000,1.000000,0.000000,0.000000;
		decal_origin = 3.499335,9.000000,5.971758,0x782C0275;
	  f far_plane = 1.100000;
	  x guid = 0xE59B0692;
	  f horizontal_meters = 4.000000;
	  f lod = 1.000000;
	  f near_plane = 0.100000;
		texture = Art\Bitmaps\Decals\b_d_for01-a.%img%;
	  f vertical_meters = 4.000000;
	}
	[t:decal,n:*]
	{
		decal_orientation = 0.000000,-1.000000,0.000000,0.000000,0.000000,-1.000000,1.000000,0.000000,0.000000;
		decal_origin = 1.738850,9.000000,5.820556,0x782C0275;
	  f far_plane = 1.100000;
	  x guid = 0xE3596DB8;
	  f horizontal_meters = 4.000000;
	  f lod = 1.000000;
	  f near_plane = 0.100000;
		texture = Art\Bitmaps\Decals\b_d_for01-a.%img%;
	  f vertical_meters = 4.000000;
	}
	[t:decal,n:*]
	{
		decal_orientation = 0.000000,-1.000000,0.000000,0.000000,0.000000,-1.000000,1.000000,0.000000,0.000000;
		decal_origin = 0.032066,9.000002,5.681864,0x782C0275;
	  f far_plane = 1.100000;
	  x guid = 0xF7547873;
	  f horizontal_meters = 4.000000;
	  f lod = 1.000000;
	  f near_plane = 0.100000;
		texture = Art\Bitmaps\Decals\b_d_for01-a.%img%;
	  f vertical_meters = 4.000000;
	}
	[t:decal,n:*]
	{
		decal_orientation = 0.707107,-0.704809,-0.056957,0.000000,0.080550,-0.996751,0.707107,0.704809,0.056957;
		decal_origin = -2.120211,8.990418,5.655089,0x782C0275;
	  f far_plane = 1.100000;
	  x guid = 0x76AD9B88;
	  f horizontal_meters = 4.000000;
	  f lod = 1.000000;
	  f near_plane = 0.100000;
		texture = Art\Bitmaps\Decals\b_d_for01-a.%img%;
	  f vertical_meters = 4.000000;
	}
	[t:decal,n:*]
	{
		decal_orientation = 0.000000,-1.000000,0.000000,0.000000,0.000000,-1.000000,1.000000,0.000000,0.000000;
		decal_origin = -3.778208,9.000000,4.951265,0x782C0275;
	  f far_plane = 1.100000;
	  x guid = 0x07AD5C66;
	  f horizontal_meters = 4.000000;
	  f lod = 1.000000;
	  f near_plane = 0.100000;
		texture = Art\Bitmaps\Decals\b_d_for01-a.%img%;
	  f vertical_meters = 4.000000;
	}
	[t:decal,n:*]
	{
		decal_orientation = -0.063366,-0.992512,-0.104424,0.000000,0.104634,-0.994511,0.997990,-0.063018,-0.006630;
		decal_origin = -3.604028,8.967360,3.488177,0x782C0275;
	  f far_plane = 1.100000;
	  x guid = 0x3D0E5C6C;
	  f horizontal_meters = 4.000000;
	  f lod = 1.000000;
	  f near_plane = 0.100000;
		texture = Art\Bitmaps\Decals\b_d_for01-a.%img%;
	  f vertical_meters = 4.000000;
	}
	[t:decal,n:*]
	{
		decal_orientation = 0.617140,0.783502,0.072547,0.000000,0.092199,-0.995741,-0.786853,0.614511,0.056899;
		decal_origin = -1.518512,8.871557,3.063520,0x782C0275;
	  f far_plane = 1.100000;
	  x guid = 0xCEB6DFE9;
	  f horizontal_meters = 4.000000;
	  f lod = 1.000000;
	  f near_plane = 0.100000;
		texture = Art\Bitmaps\Decals\b_d_for01-a.%img%;
	  f vertical_meters = 4.000000;
	}
	[t:decal,n:*]
	{
		decal_orientation = 0.000000,-1.000000,0.000000,0.000000,0.000000,-1.000000,1.000000,0.000000,0.000000;
		decal_origin = 0.947819,8.999998,4.231545,0x782C0275;
	  f far_plane = 1.100000;
	  x guid = 0x95F136FE;
	  f horizontal_meters = 4.000000;
	  f lod = 1.000000;
	  f near_plane = 0.100000;
		texture = Art\Bitmaps\Decals\b_d_for01-a.%img%;
	  f vertical_meters = 4.000000;
	}
	[t:decal,n:*]
	{
		decal_orientation = 0.465746,0.881279,0.080177,0.000000,0.090604,-0.995887,-0.884918,0.463831,0.042199;
		decal_origin = 0.863272,7.007586,1.621363,0xBB5FE519;
	  f far_plane = 1.100000;
	  x guid = 0xB1F880BF;
	  f horizontal_meters = 4.000000;
	  f lod = 1.000000;
	  f near_plane = 0.100000;
		texture = Art\Bitmaps\Decals\b_d_for01-a.%img%;
	  f vertical_meters = 4.000000;
	}
	[t:decal,n:*]
	{
		decal_orientation = 1.000000,0.000000,0.000000,0.000000,0.062378,-0.998053,0.000000,0.998053,0.062378;
		decal_origin = -1.390879,6.910473,1.336362,0xBB5FE519;
	  f far_plane = 1.100000;
	  x guid = 0x9943E0D3;
	  f horizontal_meters = 4.000000;
	  f lod = 1.000000;
	  f near_plane = 0.100000;
		texture = Art\Bitmaps\Decals\b_d_for01-a.%img%;
	  f vertical_meters = 4.000000;
	}
	[t:decal,n:*]
	{
		decal_orientation = -0.209529,-0.976008,-0.059213,0.000000,0.060557,-0.998165,0.977802,-0.209145,-0.012689;
		decal_origin = -1.717301,6.940727,-0.445233,0xBB5FE519;
	  f far_plane = 1.100000;
	  x guid = 0x819B3D99;
	  f horizontal_meters = 4.000000;
	  f lod = 1.000000;
	  f near_plane = 0.100000;
		texture = Art\Bitmaps\Decals\b_d_for01-a.%img%;
	  f vertical_meters = 4.000000;
	}
	[t:decal,n:*]
	{
		decal_orientation = 0.000000,-1.000000,0.000000,0.000000,0.000000,-1.000000,1.000000,0.000000,0.000000;
		decal_origin = -3.644223,7.000000,2.396582,0x9BDF7B3B;
	  f far_plane = 1.100000;
	  x guid = 0xF502A8A3;
	  f horizontal_meters = 4.000000;
	  f lod = 1.000000;
	  f near_plane = 0.100000;
		texture = Art\Bitmaps\Decals\b_d_for01-a.%img%;
	  f vertical_meters = 4.000000;
	}
	[t:decal,n:*]
	{
		decal_orientation = 0.000000,-1.000000,0.000000,0.000000,0.000000,-1.000000,1.000000,0.000000,0.000000;
		decal_origin = -1.408533,-4.876425,2.451366,0x9BDF7B3B;
	  f far_plane = 1.100000;
	  x guid = 0x610A0A60;
	  f horizontal_meters = 4.000000;
	  f lod = 1.000000;
	  f near_plane = 0.100000;
		texture = Art\Bitmaps\Decals\b_d_for01-a.%img%;
	  f vertical_meters = 4.000000;
	}
	[t:decal,n:*]
	{
		decal_orientation = 0.000000,-1.000000,0.000000,0.000000,0.000000,-1.000000,1.000000,0.000000,0.000000;
		decal_origin = 0.576323,-4.950522,2.529572,0x9BDF7B3B;
	  f far_plane = 1.100000;
	  x guid = 0xBBAD2D2B;
	  f horizontal_meters = 4.000000;
	  f lod = 1.000000;
	  f near_plane = 0.100000;
		texture = Art\Bitmaps\Decals\b_d_for01-a.%img%;
	  f vertical_meters = 4.000000;
	}
	[t:decal,n:*]
	{
		decal_orientation = 0.000000,-1.000000,0.000000,0.000000,0.000000,-1.000000,1.000000,0.000000,0.000000;
		decal_origin = 1.790199,-4.828844,2.751685,0x9BDF7B3B;
	  f far_plane = 1.100000;
	  x guid = 0x5C02CD03;
	  f horizontal_meters = 4.000000;
	  f lod = 1.000000;
	  f near_plane = 0.100000;
		texture = Art\Bitmaps\Decals\b_d_for01-a.%img%;
	  f vertical_meters = 4.000000;
	}
	[t:decal,n:*]
	{
		decal_orientation = 0.000000,-1.000000,0.000000,0.000000,0.000000,-1.000000,1.000000,0.000000,0.000000;
		decal_origin = -1.898308,6.999998,2.336020,0xF54F99FD;
	  f far_plane = 1.100000;
	  x guid = 0xA541EC64;
	  f horizontal_meters = 4.000000;
	  f lod = 1.000000;
	  f near_plane = 0.100000;
		texture = Art\Bitmaps\Decals\b_d_for01-a.%img%;
	  f vertical_meters = 4.000000;
	}
	[t:decal,n:*]
	{
		decal_orientation = 0.000000,-1.000000,0.000000,0.000000,0.000000,-1.000000,1.000000,0.000000,0.000000;
		decal_origin = -0.687522,7.000002,2.337835,0xF54F99FD;
	  f far_plane = 1.100000;
	  x guid = 0xC7DCCA9D;
	  f horizontal_meters = 4.000000;
	  f lod = 1.000000;
	  f near_plane = 0.100000;
		texture = Art\Bitmaps\Decals\b_d_for01-a.%img%;
	  f vertical_meters = 4.000000;
	}
	[t:decal,n:*]
	{
		decal_orientation = 0.000000,-0.998371,-0.057050,0.000000,0.057050,-0.998371,1.000000,0.000000,0.000000;
		decal_origin = 1.036112,6.942425,2.282097,0xF54F99FD;
	  f far_plane = 1.100000;
	  x guid = 0x057958C4;
	  f horizontal_meters = 4.000000;
	  f lod = 1.000000;
	  f near_plane = 0.100000;
		texture = Art\Bitmaps\Decals\b_d_for01-a.%img%;
	  f vertical_meters = 4.000000;
	}
	[t:decal,n:*]
	{
		decal_orientation = -1.000000,0.000000,0.000000,0.000000,0.371391,-0.928477,0.000000,-0.928477,-0.371391;
		decal_origin = 2.399116,6.809853,2.667955,0xF54F99FD;
	  f far_plane = 1.100000;
	  x guid = 0xF52DE0E9;
	  f horizontal_meters = 4.000000;
	  f lod = 1.000000;
	  f near_plane = 0.100000;
		texture = Art\Bitmaps\Decals\b_d_for01-a.%img%;
	  f vertical_meters = 4.000000;
	}
	[t:decal,n:*]
	{
		decal_orientation = 0.821109,-0.112083,-0.559658,0.000000,0.980530,-0.196371,0.570771,0.161242,0.805122;
		decal_origin = 1.871351,5.994114,0.771965,0xCD9CAC0F;
	  f far_plane = 1.100000;
	  x guid = 0x66F6046E;
	  f horizontal_meters = 4.000000;
	  f lod = 1.000000;
	  f near_plane = 0.100000;
		texture = Art\Bitmaps\Decals\b_d_for01-a.%img%;
	  f vertical_meters = 4.000000;
	}
	[t:decal,n:*]
	{
		decal_orientation = 0.465746,0.881279,0.080177,0.000000,0.090604,-0.995887,-0.884918,0.463831,0.042199;
		decal_origin = 0.319171,6.950828,1.315548,0xCD9CAC0F;
	  f far_plane = 1.100000;
	  x guid = 0x8449B721;
	  f horizontal_meters = 4.000000;
	  f lod = 1.000000;
	  f near_plane = 0.100000;
		texture = Art\Bitmaps\Decals\b_d_for01-a.%img%;
	  f vertical_meters = 4.000000;
	}
	[t:decal,n:*]
	{
		decal_orientation = 1.000000,0.000000,0.000000,0.000000,0.062378,-0.998053,0.000000,0.998053,0.062378;
		decal_origin = -0.985479,6.887037,0.961324,0xCD9CAC0F;
	  f far_plane = 1.100000;
	  x guid = 0x869439BC;
	  f horizontal_meters = 4.000000;
	  f lod = 1.000000;
	  f near_plane = 0.100000;
		texture = Art\Bitmaps\Decals\b_d_for01-a.%img%;
	  f vertical_meters = 4.000000;
	}
	[t:decal,n:*]
	{
		decal_orientation = -0.209529,-0.976008,-0.059213,0.000000,0.060557,-0.998165,0.977802,-0.209145,-0.012689;
		decal_origin = -1.241735,6.913988,-0.561082,0xCD9CAC0F;
	  f far_plane = 1.100000;
	  x guid = 0xE1102D73;
	  f horizontal_meters = 4.000000;
	  f lod = 1.000000;
	  f near_plane = 0.100000;
		texture = Art\Bitmaps\Decals\b_d_for01-a.%img%;
	  f vertical_meters = 4.000000;
	}
	[t:decal,n:*]
	{
		decal_orientation = 0.577483,-0.174301,-0.797579,0.000000,0.976943,-0.213499,0.816403,0.123292,0.564168;
		decal_origin = -0.277469,5.922115,-1.172014,0xCD9CAC0F;
	  f far_plane = 1.100000;
	  x guid = 0xE00C7C20;
	  f horizontal_meters = 4.000000;
	  f lod = 1.000000;
	  f near_plane = 0.100000;
		texture = Art\Bitmaps\Decals\b_d_for01-a.%img%;
	  f vertical_meters = 4.000000;
	}
	[t:decal,n:*]
	{
		decal_orientation = 0.000000,-1.000000,0.000000,0.000000,0.000000,-1.000000,1.000000,0.000000,0.000000;
		decal_origin = 0.931255,9.000000,1.902764,0xEE14AF23;
	  f far_plane = 1.100000;
	  x guid = 0x3919D03E;
	  f horizontal_meters = 4.000000;
	  f lod = 1.000000;
	  f near_plane = 0.100000;
		texture = Art\Bitmaps\Decals\b_d_for01-a.%img%;
	  f vertical_meters = 4.000000;
	}
	[t:decal,n:*]
	{
		decal_orientation = 0.000000,-1.000000,0.000000,0.000000,0.000000,-1.000000,1.000000,0.000000,0.000000;
		decal_origin = 3.448420,9.000000,1.596163,0xEE14AF23;
	  f far_plane = 1.100000;
	  x guid = 0xBBEAB4EF;
	  f horizontal_meters = 4.000000;
	  f lod = 1.000000;
	  f near_plane = 0.100000;
		texture = Art\Bitmaps\Decals\b_d_for01-a.%img%;
	  f vertical_meters = 4.000000;
	}
	[t:decal,n:*]
	{
		decal_orientation = 0.617140,0.783502,0.072547,0.000000,0.092199,-0.995741,-0.786853,0.614511,0.056899;
		decal_origin = -2.060780,8.919415,4.592383,0x3BF3BA4A;
	  f far_plane = 1.100000;
	  x guid = 0x83E71C2F;
	  f horizontal_meters = 4.000000;
	  f lod = 1.000000;
	  f near_plane = 0.100000;
		texture = Art\Bitmaps\Decals\b_d_for01-a.%img%;
	  f vertical_meters = 4.000000;
	}
	[t:decal,n:*]
	{
		decal_orientation = 0.000000,-1.000000,0.000000,0.000000,0.000000,-1.000000,1.000000,0.000000,0.000000;
		decal_origin = -3.301432,8.999996,4.815042,0x3BF3BA4A;
	  f far_plane = 1.100000;
	  x guid = 0xAB50FBB9;
	  f horizontal_meters = 4.000000;
	  f lod = 1.000000;
	  f near_plane = 0.100000;
		texture = Art\Bitmaps\Decals\b_d_for01-a.%img%;
	  f vertical_meters = 4.000000;
	}
	[t:decal,n:*]
	{
		decal_orientation = 0.000000,-1.000000,0.000000,0.000000,0.000000,-1.000000,1.000000,0.000000,0.000000;
		decal_origin = -1.091846,9.000000,5.604536,0x3BF3BA4A;
	  f far_plane = 1.100000;
	  x guid = 0x7EE2EB35;
	  f horizontal_meters = 4.000000;
	  f lod = 1.000000;
	  f near_plane = 0.100000;
		texture = Art\Bitmaps\Decals\b_d_for01-a.%img%;
	  f vertical_meters = 4.000000;
	}
	[t:decal,n:*]
	{
		decal_orientation = 0.000000,-1.000000,0.000000,0.000000,0.000000,-1.000000,1.000000,0.000000,0.000000;
		decal_origin = 0.717017,9.000000,5.885349,0x3BF3BA4A;
	  f far_plane = 1.100000;
	  x guid = 0x8F858BF8;
	  f horizontal_meters = 4.000000;
	  f lod = 1.000000;
	  f near_plane = 0.100000;
		texture = Art\Bitmaps\Decals\b_d_for01-a.%img%;
	  f vertical_meters = 4.000000;
	}
	[t:decal,n:*]
	{
		decal_orientation = 1.000000,0.000000,0.000000,0.000000,0.062378,-0.998053,0.000000,0.998053,0.062378;
		decal_origin = -0.964257,6.916723,1.436339,0xB70A501A;
	  f far_plane = 1.100000;
	  x guid = 0x209C0238;
	  f horizontal_meters = 4.000000;
	  f lod = 1.000000;
	  f near_plane = 0.100000;
		texture = Art\Bitmaps\Decals\b_d_for01-a.%img%;
	  f vertical_meters = 4.000000;
	}
	[t:decal,n:*]
	{
		decal_orientation = 0.465746,0.881279,0.080177,0.000000,0.090604,-0.995887,-0.884918,0.463831,0.042199;
		decal_origin = 0.282947,6.968762,1.807751,0xB70A501A;
	  f far_plane = 1.100000;
	  x guid = 0xE0A2392C;
	  f horizontal_meters = 4.000000;
	  f lod = 1.000000;
	  f near_plane = 0.100000;
		texture = Art\Bitmaps\Decals\b_d_for01-a.%img%;
	  f vertical_meters = 4.000000;
	}
	[t:decal,n:*]
	{
		decal_orientation = -0.209529,-0.976008,-0.059213,0.000000,0.060557,-0.998165,0.977802,-0.209145,-0.012689;
		decal_origin = -1.869453,6.945684,-0.124997,0xB70A501A;
	  f far_plane = 1.100000;
	  x guid = 0x3D928D87;
	  f horizontal_meters = 4.000000;
	  f lod = 1.000000;
	  f near_plane = 0.100000;
		texture = Art\Bitmaps\Decals\b_d_for01-a.%img%;
	  f vertical_meters = 4.000000;
	}
	[t:decal,n:*]
	{
		decal_orientation = 0.000000,-1.000000,0.000000,0.000000,0.000000,-1.000000,1.000000,0.000000,0.000000;
		decal_origin = -3.602940,0.999998,1.104590,0xED9155BB;
	  f far_plane = 1.100000;
	  x guid = 0xA2BA7037;
	  f horizontal_meters = 4.000000;
	  f lod = 1.000000;
	  f near_plane = 0.100000;
		texture = Art\Bitmaps\Decals\b_d_for01-a.%img%;
	  f vertical_meters = 4.000000;
	}
	[t:decal,n:*]
	{
		decal_orientation = 0.000000,-1.000000,0.000000,0.000000,0.000000,-1.000000,1.000000,0.000000,0.000000;
		decal_origin = 3.825686,1.000000,2.679321,0xB7C7267E;
	  f far_plane = 1.100000;
	  x guid = 0x17F2D6B6;
	  f horizontal_meters = 4.000000;
	  f lod = 1.000000;
	  f near_plane = 0.100000;
		texture = Art\Bitmaps\Decals\b_d_for01-a.%img%;
	  f vertical_meters = 4.000000;
	}
	[t:decal,n:*]
	{
		decal_orientation = 0.000000,-1.000000,0.000000,0.000000,0.000000,-1.000000,1.000000,0.000000,0.000000;
		decal_origin = -3.025504,1.000000,-1.754288,0x2DAE5A4B;
	  f far_plane = 1.100000;
	  x guid = 0x93E426D3;
	  f horizontal_meters = 4.000000;
	  f lod = 1.000000;
	  f near_plane = 0.100000;
		texture = Art\Bitmaps\Decals\b_d_for01-a.%img%;
	  f vertical_meters = 4.000000;
	}
	[t:decal,n:*]
	{
		decal_orientation = 0.000000,-1.000000,0.000000,0.000000,0.000000,-1.000000,1.000000,0.000000,0.000000;
		decal_origin = -1.962696,6.949997,-1.469635,0xD982770E;
	  f far_plane = 1.100000;
	  x guid = 0x431DFC92;
	  f horizontal_meters = 4.000000;
	  f lod = 1.000000;
	  f near_plane = 0.100000;
		texture = Art\Bitmaps\Decals\b_d_for01-a.%img%;
	  f vertical_meters = 4.000000;
	}
	[t:decal,n:*]
	{
		decal_orientation = 0.000000,-0.998053,-0.062378,0.000000,0.062378,-0.998053,1.000000,0.000000,0.000000;
		decal_origin = -1.590124,6.926336,0.778033,0xD982770E;
	  f far_plane = 1.100000;
	  x guid = 0xDE1D08A6;
	  f horizontal_meters = 4.000000;
	  f lod = 1.000000;
	  f near_plane = 0.100000;
		texture = Art\Bitmaps\Decals\b_d_for01-a.%img%;
	  f vertical_meters = 4.000000;
	}
	[t:decal,n:*]
	{
		decal_orientation = 0.465746,0.881279,0.080177,0.000000,0.090604,-0.995887,-0.884918,0.463831,0.042199;
		decal_origin = 0.242075,6.958892,1.652363,0xD982770E;
	  f far_plane = 1.100000;
	  x guid = 0xC4AA2878;
	  f horizontal_meters = 4.000000;
	  f lod = 1.000000;
	  f near_plane = 0.100000;
		texture = Art\Bitmaps\Decals\b_d_for01-a.%img%;
	  f vertical_meters = 4.000000;
	}
	[t:decal,n:*]
	{
		decal_orientation = 0.000000,-1.000000,0.000000,0.000000,0.000000,-1.000000,1.000000,0.000000,0.000000;
		decal_origin = -3.802755,1.000000,-1.921569,0x74BFFFF4;
	  f far_plane = 1.100000;
	  x guid = 0xCCDD5CE5;
	  f horizontal_meters = 4.000000;
	  f lod = 1.000000;
	  f near_plane = 0.100000;
		texture = Art\Bitmaps\Decals\b_d_for01-a.%img%;
	  f vertical_meters = 4.000000;
	}
	[t:decal,n:*]
	{
		decal_orientation = 0.000000,-1.000000,0.000000,0.000000,0.000000,-1.000000,1.000000,0.000000,0.000000;
		decal_origin = 1.746206,0.999998,-1.987987,0x74BFFFF4;
	  f far_plane = 1.100000;
	  x guid = 0x64E51619;
	  f horizontal_meters = 4.000000;
	  f lod = 1.000000;
	  f near_plane = 0.100000;
		texture = Art\Bitmaps\Decals\b_d_for01-a.%img%;
	  f vertical_meters = 4.000000;
	}
	[t:decal,n:*]
	{
		decal_orientation = 0.000000,-1.000000,0.000000,0.000000,0.000000,-1.000000,1.000000,0.000000,0.000000;
		decal_origin = -5.852491,9.049994,1.889258,0xE58C319A;
	  f far_plane = 1.100000;
	  x guid = 0x560B5D10;
	  f horizontal_meters = 4.000000;
	  f lod = 1.000000;
	  f near_plane = 0.100000;
		texture = Art\Bitmaps\Decals\b_d_for01-a.%img%;
	  f vertical_meters = 4.000000;
	}
	[t:decal,n:*]
	{
		decal_orientation = -0.114624,0.992744,0.036339,0.000000,0.036581,-0.999331,-0.993409,-0.114547,-0.004193;
		decal_origin = 2.028685,-10.931512,-2.748405,0x9503488E;
	  f far_plane = 1.100000;
	  x guid = 0xEC8269FD;
	  f horizontal_meters = 4.000000;
	  f lod = 1.000000;
	  f near_plane = 0.100000;
		texture = art\bitmaps\decals\b_d_for01-b.raw;
	  f vertical_meters = 4.000000;
	}
	[t:decal,n:*]
	{
		decal_orientation = 0.000000,-1.000000,0.000000,0.000000,0.000000,-1.000000,1.000000,0.000000,0.000000;
		decal_origin = -0.583478,-11.000002,-3.173544,0x9503488E;
	  f far_plane = 1.100000;
	  x guid = 0xAF87EAE7;
	  f horizontal_meters = 4.000000;
	  f lod = 1.000000;
	  f near_plane = 0.100000;
		texture = art\bitmaps\decals\b_d_for01-b.raw;
	  f vertical_meters = 4.000000;
	}
	[t:decal,n:*]
	{
		decal_orientation = 0.000000,-1.000000,0.000000,0.000000,0.000000,-1.000000,1.000000,0.000000,0.000000;
		decal_origin = -1.987617,-11.000001,-3.306956,0x9503488E;
	  f far_plane = 1.100000;
	  x guid = 0x0A6F7ABB;
	  f horizontal_meters = 4.000000;
	  f lod = 1.000000;
	  f near_plane = 0.100000;
		texture = art\bitmaps\decals\b_d_for01-b.raw;
	  f vertical_meters = 4.000000;
	}
	[t:decal,n:*]
	{
		decal_orientation = 0.000000,-1.000000,0.000000,0.000000,0.000000,-1.000000,1.000000,0.000000,0.000000;
		decal_origin = -1.564812,-11.000001,-5.757719,0x9503488E;
	  f far_plane = 1.100000;
	  x guid = 0xCAE7816B;
	  f horizontal_meters = 4.000000;
	  f lod = 1.000000;
	  f near_plane = 0.100000;
		texture = art\bitmaps\decals\b_d_for01-b.raw;
	  f vertical_meters = 4.000000;
	}
	[t:decal,n:*]
	{
		decal_orientation = 0.000000,-1.000000,0.000000,0.000000,0.000000,-1.000000,1.000000,0.000000,0.000000;
		decal_origin = -2.515303,1.000000,0.299730,0x6F5B5AA0;
	  f far_plane = 1.100000;
	  x guid = 0x3AD4A16A;
	  f horizontal_meters = 4.000000;
	  f lod = 1.000000;
	  f near_plane = 0.100000;
		texture = art\bitmaps\decals\b_d_for01-b.raw;
	  f vertical_meters = 4.000000;
	}
	[t:decal,n:*]
	{
		decal_orientation = 0.000000,-1.000000,0.000000,0.000000,0.000000,-1.000000,1.000000,0.000000,0.000000;
		decal_origin = -2.339804,1.000000,-1.475071,0x6F5B5AA0;
	  f far_plane = 1.100000;
	  x guid = 0x5820DEFD;
	  f horizontal_meters = 4.000000;
	  f lod = 1.000000;
	  f near_plane = 0.100000;
		texture = art\bitmaps\decals\b_d_for01-b.raw;
	  f vertical_meters = 4.000000;
	}
	[t:decal,n:*]
	{
		decal_orientation = 0.000000,-1.000000,0.000000,0.000000,0.000000,-1.000000,1.000000,0.000000,0.000000;
		decal_origin = -15.622063,-11.000001,-20.188587,0x46066F21;
	  f far_plane = 1.100000;
	  x guid = 0x52E6AEBD;
	  f horizontal_meters = 4.000000;
	  f lod = 1.000000;
	  f near_plane = 0.100000;
		texture = art\bitmaps\decals\b_d_for01-b.raw;
	  f vertical_meters = 4.000000;
	}
	[t:decal,n:*]
	{
		decal_orientation = 0.000000,-0.970142,-0.242536,0.000000,0.242536,-0.970142,1.000000,0.000000,0.000000;
		decal_origin = 5.979917,1.035797,1.280690,0xDD322B35;
	  f far_plane = 1.100000;
	  x guid = 0xAA812B9E;
	  f horizontal_meters = 4.000000;
	  f lod = 1.000000;
	  f near_plane = 0.100000;
		texture = art\bitmaps\decals\b_d_for01-b.raw;
	  f vertical_meters = 4.000000;
	}
	[t:decal,n:*]
	{
		decal_orientation = 0.000000,0.999385,0.035066,0.000000,0.035066,-0.999385,-1.000000,0.000000,0.000000;
		decal_origin = 0.555084,-10.983418,-5.172215,0x9503488E;
	  f far_plane = 1.100000;
	  x guid = 0xCE1EF84B;
	  f horizontal_meters = 4.000000;
	  f lod = 1.000000;
	  f near_plane = 0.100000;
		texture = art\bitmaps\decals\b_d_for01-b.raw;
	  f vertical_meters = 4.000000;
	}
}
