[decals]
{
	[t:decal,n:*]
	{
		decal_orientation = -0.216931,-0.976073,-0.014924,0.000000,0.015288,-0.999883,0.976187,-0.216905,-0.003316;
		decal_origin = -2.265466,-10.965828,-1.173254,0xD1E888B4;
	  f far_plane = 1.100000;
	  x guid = 0xBF8D2CAF;
	  f horizontal_meters = 4.000000;
	  f lod = 1.000000;
	  f near_plane = 0.100000;
		texture = Art\Bitmaps\Decals\b_d_for01-a.%img%;
	  f vertical_meters = 4.000000;
	}
	[t:decal,n:*]
	{
		decal_orientation = -0.055470,-0.998338,-0.015623,0.000000,0.015647,-0.999878,0.998460,-0.055463,-0.000868;
		decal_origin = -0.171016,-10.996987,-1.351003,0xD1E888B4;
	  f far_plane = 1.100000;
	  x guid = 0x57BC4C00;
	  f horizontal_meters = 4.000000;
	  f lod = 1.000000;
	  f near_plane = 0.100000;
		texture = Art\Bitmaps\Decals\b_d_for01-a.%img%;
	  f vertical_meters = 4.000000;
	}
	[t:decal,n:*]
	{
		decal_orientation = 0.055470,0.998334,0.015871,0.000000,0.015896,-0.999874,-0.998460,0.055463,0.000882;
		decal_origin = 1.896931,-10.969837,-1.181751,0xD1E888B4;
	  f far_plane = 1.100000;
	  x guid = 0xFFADDCA2;
	  f horizontal_meters = 4.000000;
	  f lod = 1.000000;
	  f near_plane = 0.100000;
		texture = Art\Bitmaps\Decals\b_d_for01-a.%img%;
	  f vertical_meters = 4.000000;
	}
	[t:decal,n:*]
	{
		decal_orientation = -0.874791,0.483318,0.033816,0.000000,0.069795,-0.997561,-0.484500,-0.872658,-0.061056;
		decal_origin = 2.610371,-10.934984,-1.604283,0xD1E888B4;
	  f far_plane = 1.100000;
	  x guid = 0x35B9B6CB;
	  f horizontal_meters = 4.000000;
	  f lod = 1.000000;
	  f near_plane = 0.100000;
		texture = Art\Bitmaps\Decals\b_d_for01-a.%img%;
	  f vertical_meters = 4.000000;
	}
	[t:decal,n:*]
	{
		decal_orientation = -0.995197,0.097874,0.001684,0.000000,0.017205,-0.999852,-0.097888,-0.995050,-0.017123;
		decal_origin = 2.037187,-10.977789,0.421851,0xD1E888B4;
	  f far_plane = 1.100000;
	  x guid = 0x0AF547F3;
	  f horizontal_meters = 4.000000;
	  f lod = 1.000000;
	  f near_plane = 0.100000;
		texture = Art\Bitmaps\Decals\b_d_for01-a.%img%;
	  f vertical_meters = 4.000000;
	}
	[t:decal,n:*]
	{
		decal_orientation = -0.995197,0.097874,0.001684,0.000000,0.017205,-0.999852,-0.097888,-0.995050,-0.017123;
		decal_origin = 1.960345,-10.996673,1.516995,0xD1E888B4;
	  f far_plane = 1.100000;
	  x guid = 0x1B85A146;
	  f horizontal_meters = 4.000000;
	  f lod = 1.000000;
	  f near_plane = 0.100000;
		texture = Art\Bitmaps\Decals\b_d_for01-a.%img%;
	  f vertical_meters = 4.000000;
	}
	[t:decal,n:*]
	{
		decal_orientation = 0.000000,-1.000000,0.000000,0.000000,0.000000,-1.000000,1.000000,0.000000,0.000000;
		decal_origin = -1.180131,1.000001,1.075630,0x15572FFB;
	  f far_plane = 1.100000;
	  x guid = 0x2A4E4417;
	  f horizontal_meters = 4.000000;
	  f lod = 1.000000;
	  f near_plane = 0.100000;
		texture = Art\Bitmaps\Decals\b_d_sr02-a.%img%;
	  f vertical_meters = 4.000000;
	}
	[t:decal,n:*]
	{
		decal_orientation = 0.000000,-1.000000,0.000000,0.000000,0.000000,-1.000000,1.000000,0.000000,0.000000;
		decal_origin = -1.542454,1.000000,-1.268970,0x15572FFB;
	  f far_plane = 1.100000;
	  x guid = 0xE7B3A050;
	  f horizontal_meters = 4.000000;
	  f lod = 1.000000;
	  f near_plane = 0.100000;
		texture = Art\Bitmaps\Decals\b_d_sr02-a.%img%;
	  f vertical_meters = 4.000000;
	}
	[t:decal,n:*]
	{
		decal_orientation = 0.000000,-1.000000,0.000000,0.000000,0.000000,-1.000000,1.000000,0.000000,0.000000;
		decal_origin = 0.554759,1.000000,-1.426957,0x15572FFB;
	  f far_plane = 1.100000;
	  x guid = 0xB6CAF47E;
	  f horizontal_meters = 4.000000;
	  f lod = 1.000000;
	  f near_plane = 0.100000;
		texture = Art\Bitmaps\Decals\b_d_sr02-a.%img%;
	  f vertical_meters = 4.000000;
	}
	[t:decal,n:*]
	{
		decal_orientation = 0.000000,-1.000000,0.000000,0.000000,0.000000,-1.000000,1.000000,0.000000,0.000000;
		decal_origin = 1.090077,1.000000,0.175354,0x15572FFB;
	  f far_plane = 1.100000;
	  x guid = 0x412528BF;
	  f horizontal_meters = 4.000000;
	  f lod = 1.000000;
	  f near_plane = 0.100000;
		texture = Art\Bitmaps\Decals\b_d_sr02-a.%img%;
	  f vertical_meters = 4.000000;
	}
	[t:decal,n:*]
	{
		decal_orientation = 0.000000,-1.000000,0.000000,0.000000,0.000000,-1.000000,1.000000,0.000000,0.000000;
		decal_origin = 0.699121,1.000000,1.780764,0x15572FFB;
	  f far_plane = 1.100000;
	  x guid = 0xD4525BEE;
	  f horizontal_meters = 4.000000;
	  f lod = 1.000000;
	  f near_plane = 0.100000;
		texture = Art\Bitmaps\Decals\b_d_sr02-a.%img%;
	  f vertical_meters = 4.000000;
	}
	[t:decal,n:*]
	{
		decal_orientation = -0.216931,-0.976073,-0.014924,0.000000,0.015288,-0.999883,0.976187,-0.216905,-0.003316;
		decal_origin = -2.409332,-10.963120,-1.342278,0x1F8A7FE9;
	  f far_plane = 1.100000;
	  x guid = 0xAD231217;
	  f horizontal_meters = 4.000000;
	  f lod = 1.000000;
	  f near_plane = 0.100000;
		texture = Art\Bitmaps\Decals\b_d_for01-a.%img%;
	  f vertical_meters = 4.000000;
	}
	[t:decal,n:*]
	{
		decal_orientation = -0.055470,-0.998338,-0.015623,0.000000,0.015647,-0.999878,0.998460,-0.055463,-0.000868;
		decal_origin = -0.382126,-10.993729,-1.305354,0x1F8A7FE9;
	  f far_plane = 1.100000;
	  x guid = 0x4C5C6C9E;
	  f horizontal_meters = 4.000000;
	  f lod = 1.000000;
	  f near_plane = 0.100000;
		texture = Art\Bitmaps\Decals\b_d_for01-a.%img%;
	  f vertical_meters = 4.000000;
	}
	[t:decal,n:*]
	{
		decal_orientation = 0.055470,0.998334,0.015871,0.000000,0.015896,-0.999874,-0.998460,0.055463,0.000882;
		decal_origin = 1.543800,-10.975527,-1.277190,0x1F8A7FE9;
	  f far_plane = 1.100000;
	  x guid = 0xDCD10C46;
	  f horizontal_meters = 4.000000;
	  f lod = 1.000000;
	  f near_plane = 0.100000;
		texture = Art\Bitmaps\Decals\b_d_for01-a.%img%;
	  f vertical_meters = 4.000000;
	}
	[t:decal,n:*]
	{
		decal_orientation = 0.055470,0.998334,0.015871,0.000000,0.015896,-0.999874,-0.998460,0.055463,0.000882;
		decal_origin = 2.511807,-10.960125,-1.236765,0x1F8A7FE9;
	  f far_plane = 1.100000;
	  x guid = 0x40E6E7C1;
	  f horizontal_meters = 4.000000;
	  f lod = 1.000000;
	  f near_plane = 0.100000;
		texture = Art\Bitmaps\Decals\b_d_for01-a.%img%;
	  f vertical_meters = 4.000000;
	}
	[t:decal,n:*]
	{
		decal_orientation = -0.995197,0.097874,0.001684,0.000000,0.017205,-0.999852,-0.097888,-0.995050,-0.017123;
		decal_origin = 2.264928,-10.978969,0.513093,0x1F8A7FE9;
	  f far_plane = 1.100000;
	  x guid = 0x7B1FA892;
	  f horizontal_meters = 4.000000;
	  f lod = 1.000000;
	  f near_plane = 0.100000;
		texture = Art\Bitmaps\Decals\b_d_for01-a.%img%;
	  f vertical_meters = 4.000000;
	}
	[t:decal,n:*]
	{
		decal_orientation = 0.038433,0.999135,0.015871,0.000000,0.015883,-0.999874,-0.999261,0.038428,0.000610;
		decal_origin = 0.863311,-10.985310,0.310911,0x1F8A7FE9;
	  f far_plane = 1.100000;
	  x guid = 0x0E1FF5D5;
	  f horizontal_meters = 4.000000;
	  f lod = 1.000000;
	  f near_plane = 0.100000;
		texture = Art\Bitmaps\Decals\b_d_for01-a.%img%;
	  f vertical_meters = 4.000000;
	}
}
