[decals]
{
	[t:decal,n:*]
	{
		decal_orientation = -0.115877,-0.989367,-0.087889,0.000000,0.088485,-0.996077,0.993264,-0.115423,-0.010253;
		decal_origin = -1.226983,-4.893305,2.534659,0xC851B851;
	  f far_plane = 1.100000;
	  x guid = 0x01EF8781;
	  f horizontal_meters = 4.000000;
	  f lod = 1.000000;
	  f near_plane = 0.100000;
		texture = art\bitmaps\decals\b_d_for01-a.raw;
	  f vertical_meters = 4.000000;
	}
	[t:decal,n:*]
	{
		decal_orientation = 0.000000,0.997054,0.076697,0.000000,0.076697,-0.997054,-1.000000,0.000000,0.000000;
		decal_origin = 0.006702,-4.996531,2.339402,0xC851B851;
	  f far_plane = 1.100000;
	  x guid = 0xB4593ABE;
	  f horizontal_meters = 4.000000;
	  f lod = 1.000000;
	  f near_plane = 0.100000;
		texture = art\bitmaps\decals\b_d_for01-a.raw;
	  f vertical_meters = 4.000000;
	}
	[t:decal,n:*]
	{
		decal_orientation = 0.480313,0.872818,0.086532,0.000000,0.098657,-0.995121,-0.877097,0.477970,0.047386;
		decal_origin = 1.590444,-4.849277,2.431867,0xC851B851;
	  f far_plane = 1.100000;
	  x guid = 0xA2F422CE;
	  f horizontal_meters = 4.000000;
	  f lod = 1.000000;
	  f near_plane = 0.100000;
		texture = art\bitmaps\decals\b_d_for01-a.raw;
	  f vertical_meters = 4.000000;
	}
}
