[decals]
{
	[t:decal,n:*]
	{
		decal_orientation = 0.038433,0.998687,0.033879,0.000000,0.033904,-0.999425,-0.999261,0.038411,0.001303;
		decal_origin = 2.341772,-10.921777,-2.029285,0x1BF5A709;
	  f far_plane = 1.100000;
	  x guid = 0x303CBC9A;
	  f horizontal_meters = 4.000000;
	  f lod = 1.000000;
	  f near_plane = 0.100000;
		texture = Art\Bitmaps\Decals\b_d_for01-a.%img%;
	  f vertical_meters = 4.000000;
	}
	[t:decal,n:*]
	{
		decal_orientation = 0.000000,-1.000000,0.000000,0.000000,0.000000,-1.000000,1.000000,0.000000,0.000000;
		decal_origin = -3.745256,13.000000,0.885345,0xB0C8DD54;
	  f far_plane = 1.100000;
	  x guid = 0x0C2F1F68;
	  f horizontal_meters = 4.000000;
	  f lod = 1.000000;
	  f near_plane = 0.100000;
		texture = Art\Bitmaps\Decals\b_d_snow-a.%img%;
	  f vertical_meters = 4.000000;
	}
	[t:decal,n:*]
	{
		decal_orientation = 0.000000,-1.000000,0.000000,0.000000,0.000000,-1.000000,1.000000,0.000000,0.000000;
		decal_origin = -3.895631,13.000000,-0.501816,0xB0C8DD54;
	  f far_plane = 1.100000;
	  x guid = 0xE733F5B5;
	  f horizontal_meters = 4.000000;
	  f lod = 1.000000;
	  f near_plane = 0.100000;
		texture = Art\Bitmaps\Decals\b_d_snow-a.%img%;
	  f vertical_meters = 4.000000;
	}
	[t:decal,n:*]
	{
		decal_orientation = 0.000000,-1.000000,0.000000,0.000000,0.000000,-1.000000,1.000000,0.000000,0.000000;
		decal_origin = -2.641660,13.000000,-0.736790,0xB0C8DD54;
	  f far_plane = 1.100000;
	  x guid = 0xAF3A0CF1;
	  f horizontal_meters = 4.000000;
	  f lod = 1.000000;
	  f near_plane = 0.100000;
		texture = Art\Bitmaps\Decals\b_d_snow-a.%img%;
	  f vertical_meters = 4.000000;
	}
	[t:decal,n:*]
	{
		decal_orientation = 1.000000,0.000000,0.000000,0.000000,0.110432,-0.993884,0.000000,0.993884,0.110432;
		decal_origin = -3.327744,12.977700,-2.256090,0xB0C8DD54;
	  f far_plane = 1.100000;
	  x guid = 0x022593C6;
	  f horizontal_meters = 4.000000;
	  f lod = 1.000000;
	  f near_plane = 0.100000;
		texture = Art\Bitmaps\Decals\b_d_snow-a.%img%;
	  f vertical_meters = 4.000000;
	}
	[t:decal,n:*]
	{
		decal_orientation = 0.000000,-1.000000,0.000000,0.000000,0.000000,-1.000000,1.000000,0.000000,0.000000;
		decal_origin = -1.101277,13.000000,-0.681113,0xB0C8DD54;
	  f far_plane = 1.100000;
	  x guid = 0x6E811686;
	  f horizontal_meters = 4.000000;
	  f lod = 1.000000;
	  f near_plane = 0.100000;
		texture = Art\Bitmaps\Decals\b_d_snow-a.%img%;
	  f vertical_meters = 4.000000;
	}
	[t:decal,n:*]
	{
		decal_orientation = 0.000000,-1.000000,0.000000,0.000000,0.000000,-1.000000,1.000000,0.000000,0.000000;
		decal_origin = -2.040964,13.000000,0.324348,0xB0C8DD54;
	  f far_plane = 1.100000;
	  x guid = 0x729D61A9;
	  f horizontal_meters = 4.000000;
	  f lod = 1.000000;
	  f near_plane = 0.100000;
		texture = Art\Bitmaps\Decals\b_d_snow-a.%img%;
	  f vertical_meters = 4.000000;
	}
	[t:decal,n:*]
	{
		decal_orientation = 0.000000,-1.000000,0.000000,0.000000,0.000000,-1.000000,1.000000,0.000000,0.000000;
		decal_origin = -0.072078,12.999998,0.420562,0xB0C8DD54;
	  f far_plane = 1.100000;
	  x guid = 0x8AF68726;
	  f horizontal_meters = 4.000000;
	  f lod = 1.000000;
	  f near_plane = 0.100000;
		texture = Art\Bitmaps\Decals\b_d_snow-a.%img%;
	  f vertical_meters = 4.000000;
	}
	[t:decal,n:*]
	{
		decal_orientation = 0.000000,-1.000000,0.000000,0.000000,0.000000,-1.000000,1.000000,0.000000,0.000000;
		decal_origin = -2.129176,13.000002,1.488430,0xB0C8DD54;
	  f far_plane = 1.100000;
	  x guid = 0xAACF6122;
	  f horizontal_meters = 4.000000;
	  f lod = 1.000000;
	  f near_plane = 0.100000;
		texture = Art\Bitmaps\Decals\b_d_snow-a.%img%;
	  f vertical_meters = 4.000000;
	}
	[t:decal,n:*]
	{
		decal_orientation = 0.987441,-0.030610,-0.154997,0.000000,0.981052,-0.193746,0.157991,0.191313,0.968730;
		decal_origin = -3.644166,11.666003,-4.042145,0xB0C8DD54;
	  f far_plane = 1.100000;
	  x guid = 0xD23BAE50;
	  f horizontal_meters = 4.000000;
	  f lod = 1.000000;
	  f near_plane = 0.100000;
		texture = Art\Bitmaps\Decals\b_d_snow-a.%img%;
	  f vertical_meters = 4.000000;
	}
	[t:decal,n:*]
	{
		decal_orientation = 0.835075,-0.105870,-0.539853,0.000000,0.981308,-0.192444,0.550137,0.160705,0.819466;
		decal_origin = -2.145076,11.550940,-3.474371,0xB0C8DD54;
	  f far_plane = 1.100000;
	  x guid = 0xF9BBFE2F;
	  f horizontal_meters = 4.000000;
	  f lod = 1.000000;
	  f near_plane = 0.100000;
		texture = Art\Bitmaps\Decals\b_d_snow-a.%img%;
	  f vertical_meters = 4.000000;
	}
	[t:decal,n:*]
	{
		decal_orientation = 0.592391,-0.791843,-0.148522,0.000000,0.184350,-0.982861,0.805651,0.582237,0.109207;
		decal_origin = -2.162822,12.820045,-2.297995,0xB0C8DD54;
	  f far_plane = 1.100000;
	  x guid = 0x6A6830CA;
	  f horizontal_meters = 4.000000;
	  f lod = 1.000000;
	  f near_plane = 0.100000;
		texture = Art\Bitmaps\Decals\b_d_snow-a.%img%;
	  f vertical_meters = 4.000000;
	}
	[t:decal,n:*]
	{
		decal_orientation = 0.983935,-0.044750,-0.172826,0.000000,0.968074,-0.250664,0.178526,0.246637,0.952522;
		decal_origin = -1.496327,11.219429,-3.211239,0xB0C8DD54;
	  f far_plane = 1.100000;
	  x guid = 0x1BCEAE5E;
	  f horizontal_meters = 4.000000;
	  f lod = 1.000000;
	  f near_plane = 0.100000;
		texture = Art\Bitmaps\Decals\b_d_snow-a.%img%;
	  f vertical_meters = 4.000000;
	}
	[t:decal,n:*]
	{
		decal_orientation = 0.936329,-0.339240,-0.090577,0.000000,0.257964,-0.966154,0.351123,0.904639,0.241540;
		decal_origin = -0.424636,12.830290,-1.528192,0xB0C8DD54;
	  f far_plane = 1.100000;
	  x guid = 0x325FD236;
	  f horizontal_meters = 4.000000;
	  f lod = 1.000000;
	  f near_plane = 0.100000;
		texture = Art\Bitmaps\Decals\b_d_snow-a.%img%;
	  f vertical_meters = 4.000000;
	}
	[t:decal,n:*]
	{
		decal_orientation = 0.936329,-0.115308,-0.331650,0.000000,0.944539,-0.328398,0.351124,0.307489,0.884400;
		decal_origin = -0.265259,11.638133,-2.640288,0xB0C8DD54;
	  f far_plane = 1.100000;
	  x guid = 0xC034D671;
	  f horizontal_meters = 4.000000;
	  f lod = 1.000000;
	  f near_plane = 0.100000;
		texture = Art\Bitmaps\Decals\b_d_snow-a.%img%;
	  f vertical_meters = 4.000000;
	}
	[t:decal,n:*]
	{
		decal_orientation = 0.936329,-0.339240,-0.090577,0.000000,0.257964,-0.966154,0.351123,0.904639,0.241539;
		decal_origin = -1.382207,12.829468,-1.890584,0xB0C8DD54;
	  f far_plane = 1.100000;
	  x guid = 0x5B0780CD;
	  f horizontal_meters = 4.000000;
	  f lod = 1.000000;
	  f near_plane = 0.100000;
		texture = Art\Bitmaps\Decals\b_d_snow-a.%img%;
	  f vertical_meters = 4.000000;
	}
	[t:decal,n:*]
	{
		decal_orientation = 0.828849,-0.535638,-0.161561,0.000000,0.288774,-0.957397,0.559473,0.793537,0.239350;
		decal_origin = 1.448368,12.793831,-0.575018,0xB0C8DD54;
	  f far_plane = 1.100000;
	  x guid = 0x63ECBE8D;
	  f horizontal_meters = 4.000000;
	  f lod = 1.000000;
	  f near_plane = 0.100000;
		texture = Art\Bitmaps\Decals\b_d_snow-a.%img%;
	  f vertical_meters = 4.000000;
	}
	[t:decal,n:*]
	{
		decal_orientation = 0.828849,-0.160988,-0.535810,0.000000,0.957706,-0.287750,0.559473,0.238501,0.793793;
		decal_origin = 1.539044,11.347424,-1.734979,0xB0C8DD54;
	  f far_plane = 1.100000;
	  x guid = 0x7C81AB2C;
	  f horizontal_meters = 4.000000;
	  f lod = 1.000000;
	  f near_plane = 0.100000;
		texture = Art\Bitmaps\Decals\b_d_snow-a.%img%;
	  f vertical_meters = 4.000000;
	}
	[t:decal,n:*]
	{
		decal_orientation = 0.000000,-1.000000,0.000000,0.000000,0.000000,-1.000000,1.000000,0.000000,0.000000;
		decal_origin = 1.025724,13.000002,0.954181,0xB0C8DD54;
	  f far_plane = 1.100000;
	  x guid = 0x0E0E1F85;
	  f horizontal_meters = 4.000000;
	  f lod = 1.000000;
	  f near_plane = 0.100000;
		texture = Art\Bitmaps\Decals\b_d_snow-a.%img%;
	  f vertical_meters = 4.000000;
	}
	[t:decal,n:*]
	{
		decal_orientation = 0.000000,-0.998053,-0.062378,0.000000,0.062378,-0.998053,1.000000,0.000000,0.000000;
		decal_origin = 2.084909,13.000004,1.974689,0xB0C8DD54;
	  f far_plane = 1.100000;
	  x guid = 0x273FE44D;
	  f horizontal_meters = 4.000000;
	  f lod = 1.000000;
	  f near_plane = 0.100000;
		texture = Art\Bitmaps\Decals\b_d_snow-a.%img%;
	  f vertical_meters = 4.000000;
	}
	[t:decal,n:*]
	{
		decal_orientation = 0.000000,-1.000000,0.000000,0.000000,0.000000,-1.000000,1.000000,0.000000,0.000000;
		decal_origin = -3.670000,1.000000,1.477475,0x268CDE06;
	  f far_plane = 1.100000;
	  x guid = 0x82827362;
	  f horizontal_meters = 4.000000;
	  f lod = 1.000000;
	  f near_plane = 0.100000;
		texture = Art\Bitmaps\Decals\b_d_snow-a.%img%;
	  f vertical_meters = 4.000000;
	}
	[t:decal,n:*]
	{
		decal_orientation = 0.000000,-1.000000,0.000000,0.000000,0.000000,-1.000000,1.000000,0.000000,0.000000;
		decal_origin = -3.986588,1.000000,0.348394,0x268CDE06;
	  f far_plane = 1.100000;
	  x guid = 0x2D140429;
	  f horizontal_meters = 4.000000;
	  f lod = 1.000000;
	  f near_plane = 0.100000;
		texture = Art\Bitmaps\Decals\b_d_snow-a.%img%;
	  f vertical_meters = 4.000000;
	}
	[t:decal,n:*]
	{
		decal_orientation = 0.000000,-1.000000,0.000000,0.000000,0.000000,-1.000000,1.000000,0.000000,0.000000;
		decal_origin = -3.969969,1.000000,-1.457253,0x268CDE06;
	  f far_plane = 1.100000;
	  x guid = 0xD709C2F5;
	  f horizontal_meters = 4.000000;
	  f lod = 1.000000;
	  f near_plane = 0.100000;
		texture = Art\Bitmaps\Decals\b_d_snow-a.%img%;
	  f vertical_meters = 4.000000;
	}
	[t:decal,n:*]
	{
		decal_orientation = 0.000000,-0.998053,-0.062378,0.000000,0.062378,-0.998053,1.000000,0.000000,0.000000;
		decal_origin = 1.363804,1.000000,-0.350594,0x268CDE06;
	  f far_plane = 1.100000;
	  x guid = 0x34FE41DC;
	  f horizontal_meters = 4.000000;
	  f lod = 1.000000;
	  f near_plane = 0.100000;
		texture = Art\Bitmaps\Decals\b_d_snow-a.%img%;
	  f vertical_meters = 4.000000;
	}
	[t:decal,n:*]
	{
		decal_orientation = 0.000000,-0.998053,-0.062378,0.000000,0.062378,-0.998053,1.000000,0.000000,0.000000;
		decal_origin = 0.585747,1.000000,0.807259,0x268CDE06;
	  f far_plane = 1.100000;
	  x guid = 0xB8E974C2;
	  f horizontal_meters = 4.000000;
	  f lod = 1.000000;
	  f near_plane = 0.100000;
		texture = Art\Bitmaps\Decals\b_d_snow-a.%img%;
	  f vertical_meters = 4.000000;
	}
	[t:decal,n:*]
	{
		decal_orientation = 0.000000,-0.998053,-0.062378,0.000000,0.062378,-0.998053,1.000000,0.000000,0.000000;
		decal_origin = -0.655519,1.000000,0.898445,0x268CDE06;
	  f far_plane = 1.100000;
	  x guid = 0x5674F0D7;
	  f horizontal_meters = 4.000000;
	  f lod = 1.000000;
	  f near_plane = 0.100000;
		texture = Art\Bitmaps\Decals\b_d_snow-a.%img%;
	  f vertical_meters = 4.000000;
	}
	[t:decal,n:*]
	{
		decal_orientation = 0.000000,-0.998053,-0.062378,0.000000,0.062378,-0.998053,1.000000,0.000000,0.000000;
		decal_origin = -0.424206,1.000002,-0.792912,0x268CDE06;
	  f far_plane = 1.100000;
	  x guid = 0x8D54AA11;
	  f horizontal_meters = 4.000000;
	  f lod = 1.000000;
	  f near_plane = 0.100000;
		texture = Art\Bitmaps\Decals\b_d_snow-a.%img%;
	  f vertical_meters = 4.000000;
	}
	[t:decal,n:*]
	{
		decal_orientation = 0.000000,-0.998053,-0.062378,0.000000,0.062378,-0.998053,1.000000,0.000000,0.000000;
		decal_origin = -2.042542,1.000000,-0.080971,0x268CDE06;
	  f far_plane = 1.100000;
	  x guid = 0xB060A319;
	  f horizontal_meters = 4.000000;
	  f lod = 1.000000;
	  f near_plane = 0.100000;
		texture = Art\Bitmaps\Decals\b_d_snow-a.%img%;
	  f vertical_meters = 4.000000;
	}
	[t:decal,n:*]
	{
		decal_orientation = 0.000000,-0.998053,-0.062378,0.000000,0.062378,-0.998053,1.000000,0.000000,0.000000;
		decal_origin = -2.117470,1.000000,-1.031487,0x268CDE06;
	  f far_plane = 1.100000;
	  x guid = 0x9D674652;
	  f horizontal_meters = 4.000000;
	  f lod = 1.000000;
	  f near_plane = 0.100000;
		texture = Art\Bitmaps\Decals\b_d_snow-a.%img%;
	  f vertical_meters = 4.000000;
	}
	[t:decal,n:*]
	{
		decal_orientation = 0.000000,-0.998053,-0.062378,0.000000,0.062378,-0.998053,1.000000,0.000000,0.000000;
		decal_origin = -0.668354,1.000000,-1.832870,0x268CDE06;
	  f far_plane = 1.100000;
	  x guid = 0x621B8FA5;
	  f horizontal_meters = 4.000000;
	  f lod = 1.000000;
	  f near_plane = 0.100000;
		texture = Art\Bitmaps\Decals\b_d_snow-a.%img%;
	  f vertical_meters = 4.000000;
	}
	[t:decal,n:*]
	{
		decal_orientation = 0.000000,-0.998053,-0.062378,0.000000,0.062378,-0.998053,1.000000,0.000000,0.000000;
		decal_origin = -0.268629,1.000000,1.601246,0x268CDE06;
	  f far_plane = 1.100000;
	  x guid = 0xA52AA3E6;
	  f horizontal_meters = 4.000000;
	  f lod = 1.000000;
	  f near_plane = 0.100000;
		texture = Art\Bitmaps\Decals\b_d_snow-a.%img%;
	  f vertical_meters = 4.000000;
	}
	[t:decal,n:*]
	{
		decal_orientation = 0.000000,-0.998053,-0.062378,0.000000,0.062378,-0.998053,1.000000,0.000000,0.000000;
		decal_origin = 0.539999,1.000000,1.934769,0x268CDE06;
	  f far_plane = 1.100000;
	  x guid = 0x0C6F23A1;
	  f horizontal_meters = 4.000000;
	  f lod = 1.000000;
	  f near_plane = 0.100000;
		texture = Art\Bitmaps\Decals\b_d_snow-a.%img%;
	  f vertical_meters = 4.000000;
	}
	[t:decal,n:*]
	{
		decal_orientation = 0.000000,-0.998053,-0.062378,0.000000,0.062378,-0.998053,1.000000,0.000000,0.000000;
		decal_origin = 2.231981,1.000000,0.273849,0x268CDE06;
	  f far_plane = 1.100000;
	  x guid = 0xFEFAF26A;
	  f horizontal_meters = 4.000000;
	  f lod = 1.000000;
	  f near_plane = 0.100000;
		texture = Art\Bitmaps\Decals\b_d_snow-a.%img%;
	  f vertical_meters = 4.000000;
	}
	[t:decal,n:*]
	{
		decal_orientation = 0.000000,-0.998053,-0.062378,0.000000,0.062378,-0.998053,1.000000,0.000000,0.000000;
		decal_origin = 2.762753,1.000000,-1.623016,0x268CDE06;
	  f far_plane = 1.100000;
	  x guid = 0x66263F40;
	  f horizontal_meters = 4.000000;
	  f lod = 1.000000;
	  f near_plane = 0.100000;
		texture = Art\Bitmaps\Decals\b_d_snow-a.%img%;
	  f vertical_meters = 4.000000;
	}
	[t:decal,n:*]
	{
		decal_orientation = 0.000000,-0.966235,-0.257664,0.000000,0.257664,-0.966235,1.000000,0.000000,0.000000;
		decal_origin = -1.707736,12.957006,-1.636500,0xF78D7953;
	  f far_plane = 1.100000;
	  x guid = 0x6AFDD2AA;
	  f horizontal_meters = 4.000000;
	  f lod = 1.000000;
	  f near_plane = 0.100000;
		texture = Art\Bitmaps\Decals\b_d_snow-a.%img%;
	  f vertical_meters = 4.000000;
	}
	[t:decal,n:*]
	{
		decal_orientation = 0.000000,-0.966235,-0.257664,0.000000,0.257664,-0.966235,1.000000,0.000000,0.000000;
		decal_origin = -1.566421,12.919323,-0.330809,0xF78D7953;
	  f far_plane = 1.100000;
	  x guid = 0x5414A2B6;
	  f horizontal_meters = 4.000000;
	  f lod = 1.000000;
	  f near_plane = 0.100000;
		texture = Art\Bitmaps\Decals\b_d_snow-a.%img%;
	  f vertical_meters = 4.000000;
	}
	[t:decal,n:*]
	{
		decal_orientation = 0.000000,-1.000000,0.000000,0.000000,0.000000,-1.000000,1.000000,0.000000,0.000000;
		decal_origin = -1.615594,13.000002,1.585567,0xF78D7953;
	  f far_plane = 1.100000;
	  x guid = 0xF7A7262B;
	  f horizontal_meters = 4.000000;
	  f lod = 1.000000;
	  f near_plane = 0.100000;
		texture = Art\Bitmaps\Decals\b_d_snow-a.%img%;
	  f vertical_meters = 4.000000;
	}
	[t:decal,n:*]
	{
		decal_orientation = 0.000000,-1.000000,0.000000,0.000000,0.000000,-1.000000,1.000000,0.000000,0.000000;
		decal_origin = -0.081944,12.999998,1.513855,0xF78D7953;
	  f far_plane = 1.100000;
	  x guid = 0xB8E19425;
	  f horizontal_meters = 4.000000;
	  f lod = 1.000000;
	  f near_plane = 0.100000;
		texture = Art\Bitmaps\Decals\b_d_snow-a.%img%;
	  f vertical_meters = 4.000000;
	}
	[t:decal,n:*]
	{
		decal_orientation = 0.000000,0.976187,0.216931,0.000000,0.216931,-0.976187,-1.000000,0.000000,0.000000;
		decal_origin = 1.546400,12.923592,1.809812,0xF78D7953;
	  f far_plane = 1.100000;
	  x guid = 0x6EF46375;
	  f horizontal_meters = 4.000000;
	  f lod = 1.000000;
	  f near_plane = 0.100000;
		texture = Art\Bitmaps\Decals\b_d_snow-a.%img%;
	  f vertical_meters = 4.000000;
	}
	[t:decal,n:*]
	{
		decal_orientation = 0.925547,-0.334593,-0.177230,0.000000,0.468079,-0.883687,0.378633,0.817894,0.433229;
		decal_origin = -0.256061,12.840880,0.579475,0xF78D7953;
	  f far_plane = 1.100000;
	  x guid = 0x34924EAE;
	  f horizontal_meters = 4.000000;
	  f lod = 1.000000;
	  f near_plane = 0.100000;
		texture = Art\Bitmaps\Decals\b_d_snow-a.%img%;
	  f vertical_meters = 4.000000;
	}
	[t:decal,n:*]
	{
		decal_orientation = 0.898768,-0.380856,-0.217174,0.000000,0.495351,-0.868693,0.438424,0.780753,0.445206;
		decal_origin = 0.753130,12.664591,0.671646,0xF78D7953;
	  f far_plane = 1.100000;
	  x guid = 0x71A1F54E;
	  f horizontal_meters = 4.000000;
	  f lod = 1.000000;
	  f near_plane = 0.100000;
		texture = Art\Bitmaps\Decals\b_d_snow-a.%img%;
	  f vertical_meters = 4.000000;
	}
	[t:decal,n:*]
	{
		decal_orientation = 0.000000,-1.000000,0.000000,0.000000,0.000000,-1.000000,1.000000,0.000000,0.000000;
		decal_origin = -1.679312,12.999998,0.399009,0xF78D7953;
	  f far_plane = 1.100000;
	  x guid = 0x914B3316;
	  f horizontal_meters = 4.000000;
	  f lod = 1.000000;
	  f near_plane = 0.100000;
		texture = Art\Bitmaps\Decals\b_d_snow-a.%img%;
	  f vertical_meters = 4.000000;
	}
	[t:decal,n:*]
	{
		decal_orientation = 1.000000,0.000000,0.000000,0.000000,0.316229,-0.948683,0.000000,0.948683,0.316229;
		decal_origin = 0.733287,12.840656,1.359692,0xF78D7953;
	  f far_plane = 1.100000;
	  x guid = 0x5987EE75;
	  f horizontal_meters = 4.000000;
	  f lod = 1.000000;
	  f near_plane = 0.100000;
		texture = Art\Bitmaps\Decals\b_d_snow-a.%img%;
	  f vertical_meters = 4.000000;
	}
	[t:decal,n:*]
	{
		decal_orientation = -0.224860,-0.186381,-0.956400,0.000000,0.981535,-0.191280,0.974391,-0.043011,-0.220708;
		decal_origin = 0.125110,11.287253,-1.726883,0xF78D7953;
	  f far_plane = 1.100000;
	  x guid = 0x8C9D4D13;
	  f horizontal_meters = 4.000000;
	  f lod = 1.000000;
	  f near_plane = 0.100000;
		texture = Art\Bitmaps\Decals\b_d_snow-a.%img%;
	  f vertical_meters = 4.000000;
	}
	[t:decal,n:*]
	{
		decal_orientation = -0.235478,-0.188781,-0.953369,0.000000,0.980953,-0.194244,0.971880,-0.045740,-0.230993;
		decal_origin = 0.078235,10.141273,-0.558000,0xF78D7953;
	  f far_plane = 1.100000;
	  x guid = 0x1D6673DC;
	  f horizontal_meters = 4.000000;
	  f lod = 1.000000;
	  f near_plane = 0.100000;
		texture = Art\Bitmaps\Decals\b_d_snow-a.%img%;
	  f vertical_meters = 4.000000;
	}
	[t:decal,n:*]
	{
		decal_orientation = 0.663852,-0.096509,-0.741610,0.000000,0.991639,-0.129047,0.747864,0.085668,0.658302;
		decal_origin = 0.377324,10.716281,-0.698238,0xF78D7953;
	  f far_plane = 1.100000;
	  x guid = 0xD3ED5B58;
	  f horizontal_meters = 4.000000;
	  f lod = 1.000000;
	  f near_plane = 0.100000;
		texture = Art\Bitmaps\Decals\b_d_snow-a.%img%;
	  f vertical_meters = 4.000000;
	}
	[t:decal,n:*]
	{
		decal_orientation = 0.663852,-0.096509,-0.741610,0.000000,0.991639,-0.129047,0.747864,0.085668,0.658302;
		decal_origin = -0.149711,11.622602,-1.114303,0xF78D7953;
	  f far_plane = 1.100000;
	  x guid = 0x85220631;
	  f horizontal_meters = 4.000000;
	  f lod = 1.000000;
	  f near_plane = 0.100000;
		texture = Art\Bitmaps\Decals\b_d_snow-a.%img%;
	  f vertical_meters = 4.000000;
	}
	[t:decal,n:*]
	{
		decal_orientation = 0.800202,-0.146931,-0.581453,0.000000,0.969525,-0.244994,0.599731,0.196045,0.775815;
		decal_origin = 1.422689,11.312274,0.198863,0xF78D7953;
	  f far_plane = 1.100000;
	  x guid = 0x362706C1;
	  f horizontal_meters = 4.000000;
	  f lod = 1.000000;
	  f near_plane = 0.100000;
		texture = Art\Bitmaps\Decals\b_d_snow-a.%img%;
	  f vertical_meters = 4.000000;
	}
	[t:decal,n:*]
	{
		decal_orientation = 0.889167,0.123701,0.440546,0.000000,0.962766,-0.270335,-0.457583,0.240373,0.856060;
		decal_origin = 1.320197,11.743549,0.100713,0xF78D7953;
	  f far_plane = 1.100000;
	  x guid = 0xAFEFBB5F;
	  f horizontal_meters = 4.000000;
	  f lod = 1.000000;
	  f near_plane = 0.100000;
		texture = Art\Bitmaps\Decals\b_d_snow-a.%img%;
	  f vertical_meters = 4.000000;
	}
	[t:decal,n:*]
	{
		decal_orientation = 0.780870,-0.594946,-0.190476,0.000000,0.304911,-0.952381,0.624694,0.743685,0.238096;
		decal_origin = -1.262605,12.537907,1.741542,0xC1C709DB;
	  f far_plane = 1.100000;
	  x guid = 0x87AA8379;
	  f horizontal_meters = 4.000000;
	  f lod = 1.000000;
	  f near_plane = 0.100000;
		texture = Art\Bitmaps\Decals\b_d_snow-a.%img%;
	  f vertical_meters = 4.000000;
	}
	[t:decal,n:*]
	{
		decal_orientation = 0.447213,-0.780720,-0.436436,0.000000,0.487950,-0.872871,0.894428,0.390359,0.218218;
		decal_origin = 0.855541,11.650568,1.730780,0xC1C709DB;
	  f far_plane = 1.100000;
	  x guid = 0x7BF5D7F0;
	  f horizontal_meters = 4.000000;
	  f lod = 1.000000;
	  f near_plane = 0.100000;
		texture = Art\Bitmaps\Decals\b_d_snow-a.%img%;
	  f vertical_meters = 4.000000;
	}
	[t:decal,n:*]
	{
		decal_orientation = 1.000000,0.000000,0.000000,0.000000,0.242535,-0.970143,0.000000,0.970143,0.242535;
		decal_origin = 3.307199,10.962151,1.725484,0xC1C709DB;
	  f far_plane = 1.100000;
	  x guid = 0x60DBB12C;
	  f horizontal_meters = 4.000000;
	  f lod = 1.000000;
	  f near_plane = 0.100000;
		texture = Art\Bitmaps\Decals\b_d_snow-a.%img%;
	  f vertical_meters = 4.000000;
	}
	[t:decal,n:*]
	{
		decal_orientation = 0.993639,-0.021950,-0.110453,0.000000,0.980820,-0.194916,0.112612,0.193676,0.974581;
		decal_origin = -2.942468,11.477322,-0.010763,0xC1C709DB;
	  f far_plane = 1.100000;
	  x guid = 0xF0172FAE;
	  f horizontal_meters = 4.000000;
	  f lod = 1.000000;
	  f near_plane = 0.100000;
		texture = Art\Bitmaps\Decals\b_d_snow-a.%img%;
	  f vertical_meters = 4.000000;
	}
	[t:decal,n:*]
	{
		decal_orientation = 0.447214,-0.863534,-0.233042,0.000000,0.260549,-0.965461,0.894427,0.431767,0.116521;
		decal_origin = -2.333863,12.630979,0.978263,0xC1C709DB;
	  f far_plane = 1.100000;
	  x guid = 0xDF5EC0AE;
	  f horizontal_meters = 4.000000;
	  f lod = 1.000000;
	  f near_plane = 0.100000;
		texture = Art\Bitmaps\Decals\b_d_snow-a.%img%;
	  f vertical_meters = 4.000000;
	}
	[t:decal,n:*]
	{
		decal_orientation = 0.999040,-0.011141,-0.042377,0.000000,0.967135,-0.254265,0.043817,0.254020,0.966206;
		decal_origin = -1.340822,10.815065,0.022461,0xC1C709DB;
	  f far_plane = 1.100000;
	  x guid = 0xAD22534C;
	  f horizontal_meters = 4.000000;
	  f lod = 1.000000;
	  f near_plane = 0.100000;
		texture = Art\Bitmaps\Decals\b_d_snow-a.%img%;
	  f vertical_meters = 4.000000;
	}
	[t:decal,n:*]
	{
		decal_orientation = 0.981692,-0.067809,-0.177999,0.000000,0.934487,-0.355997,0.190477,0.349480,0.917378;
		decal_origin = 0.543125,10.667799,0.164019,0xC1C709DB;
	  f far_plane = 1.100000;
	  x guid = 0xCA34A074;
	  f horizontal_meters = 4.000000;
	  f lod = 1.000000;
	  f near_plane = 0.100000;
		texture = Art\Bitmaps\Decals\b_d_snow-a.%img%;
	  f vertical_meters = 4.000000;
	}
	[t:decal,n:*]
	{
		decal_orientation = 0.981692,-0.067809,-0.177999,0.000000,0.934487,-0.355997,0.190477,0.349480,0.917378;
		decal_origin = 1.467098,9.688255,-0.036825,0xC1C709DB;
	  f far_plane = 1.100000;
	  x guid = 0xDE105A58;
	  f horizontal_meters = 4.000000;
	  f lod = 1.000000;
	  f near_plane = 0.100000;
		texture = Art\Bitmaps\Decals\b_d_snow-a.%img%;
	  f vertical_meters = 4.000000;
	}
	[t:decal,n:*]
	{
		decal_orientation = 0.447213,-0.780720,-0.436436,0.000000,0.487950,-0.872871,0.894428,0.390359,0.218218;
		decal_origin = 2.302920,10.759651,1.061880,0xC1C709DB;
	  f far_plane = 1.100000;
	  x guid = 0xDF498F80;
	  f horizontal_meters = 4.000000;
	  f lod = 1.000000;
	  f near_plane = 0.100000;
		texture = Art\Bitmaps\Decals\b_d_snow-a.%img%;
	  f vertical_meters = 4.000000;
	}
	[t:decal,n:*]
	{
		decal_orientation = 0.992877,0.023206,0.116863,0.000000,0.980848,-0.194772,-0.119145,0.193385,0.973862;
		decal_origin = 2.511278,9.438244,0.039456,0xC1C709DB;
	  f far_plane = 1.100000;
	  x guid = 0x703A6BC2;
	  f horizontal_meters = 4.000000;
	  f lod = 1.000000;
	  f near_plane = 0.100000;
		texture = Art\Bitmaps\Decals\b_d_snow-a.%img%;
	  f vertical_meters = 4.000000;
	}
	[t:decal,n:*]
	{
		decal_orientation = 0.000000,-1.000000,0.000000,0.000000,0.000000,-1.000000,1.000000,0.000000,0.000000;
		decal_origin = 1.589455,1.000000,-3.840221,0xDC90BB3B;
	  f far_plane = 1.100000;
	  x guid = 0xC986C9B1;
	  f horizontal_meters = 4.000000;
	  f lod = 1.000000;
	  f near_plane = 0.100000;
		texture = Art\Bitmaps\Decals\b_d_snow-a.%img%;
	  f vertical_meters = 4.000000;
	}
	[t:decal,n:*]
	{
		decal_orientation = 0.972806,-0.228650,-0.036973,0.000000,0.159628,-0.987177,0.231620,0.960332,0.155287;
		decal_origin = 3.251945,12.929440,1.290749,0x544BCCC6;
	  f far_plane = 1.100000;
	  x guid = 0x84D54BEE;
	  f horizontal_meters = 4.000000;
	  f lod = 1.000000;
	  f near_plane = 0.100000;
		texture = Art\Bitmaps\Decals\b_d_snow-a.%img%;
	  f vertical_meters = 4.000000;
	}
	[t:decal,n:*]
	{
		decal_orientation = 0.982624,0.035792,0.182123,0.000000,0.981231,-0.192836,-0.185607,0.189485,0.964181;
		decal_origin = 3.271214,10.967864,-0.105917,0x544BCCC6;
	  f far_plane = 1.100000;
	  x guid = 0x4FF97349;
	  f horizontal_meters = 4.000000;
	  f lod = 1.000000;
	  f near_plane = 0.100000;
		texture = Art\Bitmaps\Decals\b_d_snow-a.%img%;
	  f vertical_meters = 4.000000;
	}
	[t:decal,n:*]
	{
		decal_orientation = 0.000000,-1.000000,0.000000,0.000000,0.000000,-1.000000,1.000000,0.000000,0.000000;
		decal_origin = 1.820802,13.000000,1.346371,0x544BCCC6;
	  f far_plane = 1.100000;
	  x guid = 0x05FB85F4;
	  f horizontal_meters = 4.000000;
	  f lod = 1.000000;
	  f near_plane = 0.100000;
		texture = Art\Bitmaps\Decals\b_d_snow-a.%img%;
	  f vertical_meters = 4.000000;
	}
	[t:decal,n:*]
	{
		decal_orientation = 0.000000,-1.000000,0.000000,0.000000,0.000000,-1.000000,1.000000,0.000000,0.000000;
		decal_origin = 0.426420,13.000000,1.333323,0x544BCCC6;
	  f far_plane = 1.100000;
	  x guid = 0x35876E3E;
	  f horizontal_meters = 4.000000;
	  f lod = 1.000000;
	  f near_plane = 0.100000;
		texture = Art\Bitmaps\Decals\b_d_snow-a.%img%;
	  f vertical_meters = 4.000000;
	}
	[t:decal,n:*]
	{
		decal_orientation = 0.000000,-1.000000,0.000000,0.000000,0.000000,-1.000000,1.000000,0.000000,0.000000;
		decal_origin = -0.291354,13.000000,1.691872,0x544BCCC6;
	  f far_plane = 1.100000;
	  x guid = 0x3673DEF7;
	  f horizontal_meters = 4.000000;
	  f lod = 1.000000;
	  f near_plane = 0.100000;
		texture = Art\Bitmaps\Decals\b_d_snow-a.%img%;
	  f vertical_meters = 4.000000;
	}
	[t:decal,n:*]
	{
		decal_orientation = 0.000000,-1.000000,0.000000,0.000000,0.000000,-1.000000,1.000000,0.000000,0.000000;
		decal_origin = -2.310917,13.000002,1.201617,0x544BCCC6;
	  f far_plane = 1.100000;
	  x guid = 0x7CF33307;
	  f horizontal_meters = 4.000000;
	  f lod = 1.000000;
	  f near_plane = 0.100000;
		texture = Art\Bitmaps\Decals\b_d_snow-a.%img%;
	  f vertical_meters = 4.000000;
	}
	[t:decal,n:*]
	{
		decal_orientation = 0.000000,-1.000000,0.000000,0.000000,0.000000,-1.000000,1.000000,0.000000,0.000000;
		decal_origin = -3.653791,13.000000,1.520395,0x544BCCC6;
	  f far_plane = 1.100000;
	  x guid = 0x05C85F7A;
	  f horizontal_meters = 4.000000;
	  f lod = 1.000000;
	  f near_plane = 0.100000;
		texture = Art\Bitmaps\Decals\b_d_snow-a.%img%;
	  f vertical_meters = 4.000000;
	}
	[t:decal,n:*]
	{
		decal_orientation = 0.000000,-1.000000,0.000000,0.000000,0.000000,-1.000000,1.000000,0.000000,0.000000;
		decal_origin = -3.553406,13.000000,0.017692,0x544BCCC6;
	  f far_plane = 1.100000;
	  x guid = 0xFB882A73;
	  f horizontal_meters = 4.000000;
	  f lod = 1.000000;
	  f near_plane = 0.100000;
		texture = Art\Bitmaps\Decals\b_d_snow-a.%img%;
	  f vertical_meters = 4.000000;
	}
	[t:decal,n:*]
	{
		decal_orientation = 0.000000,-1.000000,0.000000,0.000000,0.000000,-1.000000,1.000000,0.000000,0.000000;
		decal_origin = -3.585039,12.999998,-1.070490,0x544BCCC6;
	  f far_plane = 1.100000;
	  x guid = 0x23EF9CB6;
	  f horizontal_meters = 4.000000;
	  f lod = 1.000000;
	  f near_plane = 0.100000;
		texture = Art\Bitmaps\Decals\b_d_snow-a.%img%;
	  f vertical_meters = 4.000000;
	}
	[t:decal,n:*]
	{
		decal_orientation = 0.000000,-1.000000,0.000000,0.000000,0.000000,-1.000000,1.000000,0.000000,0.000000;
		decal_origin = -1.618908,13.000000,-0.146245,0x544BCCC6;
	  f far_plane = 1.100000;
	  x guid = 0xDCE38D21;
	  f horizontal_meters = 4.000000;
	  f lod = 1.000000;
	  f near_plane = 0.100000;
		texture = Art\Bitmaps\Decals\b_d_snow-a.%img%;
	  f vertical_meters = 4.000000;
	}
	[t:decal,n:*]
	{
		decal_orientation = 0.000000,-1.000000,0.000000,0.000000,0.000000,-1.000000,1.000000,0.000000,0.000000;
		decal_origin = -1.443748,13.000002,-1.077750,0x544BCCC6;
	  f far_plane = 1.100000;
	  x guid = 0x458425BB;
	  f horizontal_meters = 4.000000;
	  f lod = 1.000000;
	  f near_plane = 0.100000;
		texture = Art\Bitmaps\Decals\b_d_snow-a.%img%;
	  f vertical_meters = 4.000000;
	}
	[t:decal,n:*]
	{
		decal_orientation = 0.000000,-1.000000,0.000000,0.000000,0.000000,-1.000000,1.000000,0.000000,0.000000;
		decal_origin = -0.191613,12.999998,-0.368076,0x544BCCC6;
	  f far_plane = 1.100000;
	  x guid = 0x82A36F9F;
	  f horizontal_meters = 4.000000;
	  f lod = 1.000000;
	  f near_plane = 0.100000;
		texture = Art\Bitmaps\Decals\b_d_snow-a.%img%;
	  f vertical_meters = 4.000000;
	}
	[t:decal,n:*]
	{
		decal_orientation = 0.828849,-0.535638,-0.161561,0.000000,0.288774,-0.957397,0.559473,0.793537,0.239350;
		decal_origin = 1.382752,12.827885,-0.483101,0x544BCCC6;
	  f far_plane = 1.100000;
	  x guid = 0x4A1C77A2;
	  f horizontal_meters = 4.000000;
	  f lod = 1.000000;
	  f near_plane = 0.100000;
		texture = Art\Bitmaps\Decals\b_d_snow-a.%img%;
	  f vertical_meters = 4.000000;
	}
	[t:decal,n:*]
	{
		decal_orientation = 0.698497,-0.113730,-0.706518,0.000000,0.987290,-0.158926,0.715613,0.111010,0.689619;
		decal_origin = 3.193499,11.147903,-0.377611,0x544BCCC6;
	  f far_plane = 1.100000;
	  x guid = 0x21566A65;
	  f horizontal_meters = 4.000000;
	  f lod = 1.000000;
	  f near_plane = 0.100000;
		texture = Art\Bitmaps\Decals\b_d_snow-a.%img%;
	  f vertical_meters = 4.000000;
	}
	[t:decal,n:*]
	{
		decal_orientation = 0.936329,-0.339240,-0.090577,0.000000,0.257964,-0.966154,0.351123,0.904639,0.241540;
		decal_origin = -0.350621,12.820135,-1.541079,0x544BCCC6;
	  f far_plane = 1.100000;
	  x guid = 0xC6C6EA84;
	  f horizontal_meters = 4.000000;
	  f lod = 1.000000;
	  f near_plane = 0.100000;
		texture = Art\Bitmaps\Decals\b_d_snow-a.%img%;
	  f vertical_meters = 4.000000;
	}
	[t:decal,n:*]
	{
		decal_orientation = 0.936329,-0.115308,-0.331650,0.000000,0.944539,-0.328398,0.351124,0.307489,0.884400;
		decal_origin = -1.621098,12.074647,-2.986639,0x544BCCC6;
	  f far_plane = 1.100000;
	  x guid = 0x2AAFE28C;
	  f horizontal_meters = 4.000000;
	  f lod = 1.000000;
	  f near_plane = 0.100000;
		texture = Art\Bitmaps\Decals\b_d_snow-a.%img%;
	  f vertical_meters = 4.000000;
	}
	[t:decal,n:*]
	{
		decal_orientation = 0.872506,-0.469702,-0.134585,0.000000,0.275448,-0.961316,0.488603,0.838754,0.240330;
		decal_origin = -2.244864,12.930421,-1.876411,0x544BCCC6;
	  f far_plane = 1.100000;
	  x guid = 0x4E618568;
	  f horizontal_meters = 4.000000;
	  f lod = 1.000000;
	  f near_plane = 0.100000;
		texture = Art\Bitmaps\Decals\b_d_snow-a.%img%;
	  f vertical_meters = 4.000000;
	}
	[t:decal,n:*]
	{
		decal_orientation = 0.936329,-0.339240,-0.090577,0.000000,0.257964,-0.966154,0.351123,0.904639,0.241539;
		decal_origin = -1.583564,12.860809,-1.840720,0x544BCCC6;
	  f far_plane = 1.100000;
	  x guid = 0xFDEC819E;
	  f horizontal_meters = 4.000000;
	  f lod = 1.000000;
	  f near_plane = 0.100000;
		texture = Art\Bitmaps\Decals\b_d_snow-a.%img%;
	  f vertical_meters = 4.000000;
	}
	[t:decal,n:*]
	{
		decal_orientation = 0.000000,-1.000000,0.000000,0.000000,0.000000,-1.000000,1.000000,0.000000,0.000000;
		decal_origin = -2.831093,13.000000,1.912169,0x544BCCC6;
	  f far_plane = 1.100000;
	  x guid = 0x8EF6534C;
	  f horizontal_meters = 4.000000;
	  f lod = 1.000000;
	  f near_plane = 0.100000;
		texture = Art\Bitmaps\Decals\b_d_snow-a.%img%;
	  f vertical_meters = 4.000000;
	}
	[t:decal,n:*]
	{
		decal_orientation = 0.000000,-1.000000,0.000000,0.000000,0.000000,-1.000000,1.000000,0.000000,0.000000;
		decal_origin = -0.940830,13.000002,1.466016,0x544BCCC6;
	  f far_plane = 1.100000;
	  x guid = 0x9FF37299;
	  f horizontal_meters = 4.000000;
	  f lod = 1.000000;
	  f near_plane = 0.100000;
		texture = Art\Bitmaps\Decals\b_d_snow-a.%img%;
	  f vertical_meters = 4.000000;
	}
	[t:decal,n:*]
	{
		decal_orientation = 0.828849,-0.160988,-0.535810,0.000000,0.957706,-0.287750,0.559473,0.238501,0.793793;
		decal_origin = 1.495263,11.264709,-1.794516,0x544BCCC6;
	  f far_plane = 1.100000;
	  x guid = 0x92FAEFFD;
	  f horizontal_meters = 4.000000;
	  f lod = 1.000000;
	  f near_plane = 0.100000;
		texture = Art\Bitmaps\Decals\b_d_snow-a.%img%;
	  f vertical_meters = 4.000000;
	}
	[t:decal,n:*]
	{
		decal_orientation = 0.936329,-0.115308,-0.331650,0.000000,0.944539,-0.328398,0.351124,0.307489,0.884400;
		decal_origin = 0.280773,11.320132,-2.553606,0x544BCCC6;
	  f far_plane = 1.100000;
	  x guid = 0x35B281A4;
	  f horizontal_meters = 4.000000;
	  f lod = 1.000000;
	  f near_plane = 0.100000;
		texture = Art\Bitmaps\Decals\b_d_snow-a.%img%;
	  f vertical_meters = 4.000000;
	}
	[t:decal,n:*]
	{
		decal_orientation = 0.983935,-0.044750,-0.172826,0.000000,0.968074,-0.250664,0.178526,0.246637,0.952522;
		decal_origin = -0.993829,10.467190,-3.318026,0x544BCCC6;
	  f far_plane = 1.100000;
	  x guid = 0x4EFF77C9;
	  f horizontal_meters = 4.000000;
	  f lod = 1.000000;
	  f near_plane = 0.100000;
		texture = Art\Bitmaps\Decals\b_d_snow-a.%img%;
	  f vertical_meters = 4.000000;
	}
	[t:decal,n:*]
	{
		decal_orientation = 0.987441,-0.030610,-0.154997,0.000000,0.981052,-0.193746,0.157991,0.191313,0.968730;
		decal_origin = -3.792778,12.187713,-3.961582,0x544BCCC6;
	  f far_plane = 1.100000;
	  x guid = 0xC98147C6;
	  f horizontal_meters = 4.000000;
	  f lod = 1.000000;
	  f near_plane = 0.100000;
		texture = Art\Bitmaps\Decals\b_d_snow-a.%img%;
	  f vertical_meters = 4.000000;
	}
	[t:decal,n:*]
	{
		decal_orientation = 0.000000,-0.991228,-0.132164,0.000000,0.132164,-0.991228,1.000000,0.000000,0.000000;
		decal_origin = -3.750311,12.975559,-2.434662,0x544BCCC6;
	  f far_plane = 1.100000;
	  x guid = 0x6FA95A8E;
	  f horizontal_meters = 4.000000;
	  f lod = 1.000000;
	  f near_plane = 0.100000;
		texture = Art\Bitmaps\Decals\b_d_snow-a.%img%;
	  f vertical_meters = 4.000000;
	}
	[t:decal,n:*]
	{
		decal_orientation = 1.000000,0.000000,0.000000,0.000000,0.196116,-0.980581,0.000000,0.980581,0.196116;
		decal_origin = -3.691585,1.910215,2.952055,0x9CBEB65D;
	  f far_plane = 1.100000;
	  x guid = 0x11B69EE5;
	  f horizontal_meters = 4.000000;
	  f lod = 1.000000;
	  f near_plane = 0.100000;
		texture = Art\Bitmaps\Decals\b_d_snow-a.%img%;
	  f vertical_meters = 4.000000;
	}
	[t:decal,n:*]
	{
		decal_orientation = 1.000000,0.000000,0.000000,0.000000,0.447214,-0.894427,0.000000,0.894427,0.447214;
		decal_origin = -3.969784,0.063371,-2.109326,0x9CBEB65D;
	  f far_plane = 1.100000;
	  x guid = 0x705BC5BF;
	  f horizontal_meters = 4.000000;
	  f lod = 1.000000;
	  f near_plane = 0.100000;
		texture = Art\Bitmaps\Decals\b_d_snow-a.%img%;
	  f vertical_meters = 4.000000;
	}
	[t:decal,n:*]
	{
		decal_orientation = 0.000000,-1.000000,0.000000,0.000000,0.000000,-1.000000,1.000000,0.000000,0.000000;
		decal_origin = 1.599140,-11.000000,0.570058,0xA3A4E05F;
	  f far_plane = 1.100000;
	  x guid = 0x94834C3C;
	  f horizontal_meters = 4.000000;
	  f lod = 1.000000;
	  f near_plane = 0.100000;
		texture = Art\Bitmaps\Decals\b_d_snow-a.%img%;
	  f vertical_meters = 4.000000;
	}
	[t:decal,n:*]
	{
		decal_orientation = 0.000000,-1.000000,0.000000,0.000000,0.000000,-1.000000,1.000000,0.000000,0.000000;
		decal_origin = 1.087056,-11.000000,-1.291821,0xA3A4E05F;
	  f far_plane = 1.100000;
	  x guid = 0x03B45D56;
	  f horizontal_meters = 4.000000;
	  f lod = 1.000000;
	  f near_plane = 0.100000;
		texture = Art\Bitmaps\Decals\b_d_snow-a.%img%;
	  f vertical_meters = 4.000000;
	}
	[t:decal,n:*]
	{
		decal_orientation = 0.000000,-1.000000,0.000000,0.000000,0.000000,-1.000000,1.000000,0.000000,0.000000;
		decal_origin = 1.156878,-11.000000,-0.671437,0xA3A4E05F;
	  f far_plane = 1.100000;
	  x guid = 0x88AB9A29;
	  f horizontal_meters = 4.000000;
	  f lod = 1.000000;
	  f near_plane = 0.100000;
		texture = Art\Bitmaps\Decals\b_d_snow-a.%img%;
	  f vertical_meters = 4.000000;
	}
	[t:decal,n:*]
	{
		decal_orientation = 0.000000,-1.000000,0.000000,0.000000,0.000000,-1.000000,1.000000,0.000000,0.000000;
		decal_origin = 1.950857,-11.000000,0.100627,0x7C8BAFEE;
	  f far_plane = 1.100000;
	  x guid = 0x7D344594;
	  f horizontal_meters = 4.000000;
	  f lod = 1.000000;
	  f near_plane = 0.100000;
		texture = Art\Bitmaps\Decals\b_d_snow-a.%img%;
	  f vertical_meters = 4.000000;
	}
	[t:decal,n:*]
	{
		decal_orientation = 0.000000,-1.000000,0.000000,0.000000,0.000000,-1.000000,1.000000,0.000000,0.000000;
		decal_origin = 1.142933,-11.000002,-0.865971,0x7C8BAFEE;
	  f far_plane = 1.100000;
	  x guid = 0x01A06B55;
	  f horizontal_meters = 4.000000;
	  f lod = 1.000000;
	  f near_plane = 0.100000;
		texture = Art\Bitmaps\Decals\b_d_snow-a.%img%;
	  f vertical_meters = 4.000000;
	}
	[t:decal,n:*]
	{
		decal_orientation = 0.000000,-1.000000,0.000000,0.000000,0.000000,-1.000000,1.000000,0.000000,0.000000;
		decal_origin = 1.811626,-11.000002,-1.606850,0x7C8BAFEE;
	  f far_plane = 1.100000;
	  x guid = 0x727922A0;
	  f horizontal_meters = 4.000000;
	  f lod = 1.000000;
	  f near_plane = 0.100000;
		texture = Art\Bitmaps\Decals\b_d_snow-a.%img%;
	  f vertical_meters = 4.000000;
	}
	[t:decal,n:*]
	{
		decal_orientation = 0.000000,-1.000000,0.000000,0.000000,0.000000,-1.000000,1.000000,0.000000,0.000000;
		decal_origin = -0.058578,-11.000002,-1.486826,0x7C8BAFEE;
	  f far_plane = 1.100000;
	  x guid = 0x713CEC6C;
	  f horizontal_meters = 4.000000;
	  f lod = 1.000000;
	  f near_plane = 0.100000;
		texture = Art\Bitmaps\Decals\b_d_snow-a.%img%;
	  f vertical_meters = 4.000000;
	}
	[t:decal,n:*]
	{
		decal_orientation = 0.000000,-1.000000,0.000000,0.000000,0.000000,-1.000000,1.000000,0.000000,0.000000;
		decal_origin = -1.646525,-11.000000,-1.728346,0x7C8BAFEE;
	  f far_plane = 1.100000;
	  x guid = 0x9A491C51;
	  f horizontal_meters = 4.000000;
	  f lod = 1.000000;
	  f near_plane = 0.100000;
		texture = Art\Bitmaps\Decals\b_d_snow-a.%img%;
	  f vertical_meters = 4.000000;
	}
	[t:decal,n:*]
	{
		decal_orientation = 0.447214,0.863534,0.233042,0.000000,0.260549,-0.965461,-0.894427,0.431767,0.116521;
		decal_origin = 2.777070,12.785119,1.368992,0xC6B4F245;
	  f far_plane = 1.100000;
	  x guid = 0xC98948EC;
	  f horizontal_meters = 4.000000;
	  f lod = 1.000000;
	  f near_plane = 0.100000;
		texture = Art\Bitmaps\Decals\b_d_snow-a.%img%;
	  f vertical_meters = 4.000000;
	}
	[t:decal,n:*]
	{
		decal_orientation = 0.447214,0.863534,0.233042,0.000000,0.260549,-0.965461,-0.894427,0.431767,0.116521;
		decal_origin = 1.847306,12.525052,1.073682,0xC6B4F245;
	  f far_plane = 1.100000;
	  x guid = 0x1095831C;
	  f horizontal_meters = 4.000000;
	  f lod = 1.000000;
	  f near_plane = 0.100000;
		texture = Art\Bitmaps\Decals\b_d_snow-a.%img%;
	  f vertical_meters = 4.000000;
	}
	[t:decal,n:*]
	{
		decal_orientation = 0.993639,0.021950,0.110453,0.000000,0.980820,-0.194916,-0.112612,0.193676,0.974581;
		decal_origin = 2.598902,10.973213,-0.072648,0xC6B4F245;
	  f far_plane = 1.100000;
	  x guid = 0x4EBCDB26;
	  f horizontal_meters = 4.000000;
	  f lod = 1.000000;
	  f near_plane = 0.100000;
		texture = Art\Bitmaps\Decals\b_d_snow-a.%img%;
	  f vertical_meters = 4.000000;
	}
	[t:decal,n:*]
	{
		decal_orientation = 0.993639,0.021950,0.110453,0.000000,0.980820,-0.194916,-0.112612,0.193676,0.974581;
		decal_origin = 1.404014,11.242464,0.116622,0xC6B4F245;
	  f far_plane = 1.100000;
	  x guid = 0xD1EDBB2E;
	  f horizontal_meters = 4.000000;
	  f lod = 1.000000;
	  f near_plane = 0.100000;
		texture = Art\Bitmaps\Decals\b_d_snow-a.%img%;
	  f vertical_meters = 4.000000;
	}
	[t:decal,n:*]
	{
		decal_orientation = 0.447215,0.780719,0.436436,0.000000,0.487950,-0.872871,-0.894427,0.390361,0.218219;
