[decals]
{
	[t:decal,n:*]
	{
		decal_orientation = 1.000000,0.000000,0.000000,0.000000,0.099504,-0.995037,0.000000,0.995037,0.099504;
		decal_origin = -2.601337,2.933989,1.289999,0x054F1AC8;
	  f far_plane = 1.100000;
	  x guid = 0x7A860948;
	  f horizontal_meters = 4.000000;
	  f lod = 1.000000;
	  f near_plane = 0.100000;
		texture = Art\Bitmaps\Decals\b_d_lc01-a.%img%;
	  f vertical_meters = 4.000000;
	}
	[t:decal,n:*]
	{
		decal_orientation = 1.000000,0.000000,0.000000,0.000000,0.099504,-0.995037,0.000000,0.995037,0.099504;
		decal_origin = -1.337839,2.939457,1.344673,0x054F1AC8;
	  f far_plane = 1.100000;
	  x guid = 0x74D5A8C5;
	  f horizontal_meters = 4.000000;
	  f lod = 1.000000;
	  f near_plane = 0.100000;
		texture = Art\Bitmaps\Decals\b_d_lc01-a.%img%;
	  f vertical_meters = 4.000000;
	}
	[t:decal,n:*]
	{
		decal_orientation = 0.973347,-0.194931,-0.120824,0.000000,0.526836,-0.849967,0.229339,0.827313,0.512794;
		decal_origin = -2.055491,2.171235,-0.530589,0x054F1AC8;
	  f far_plane = 1.100000;
	  x guid = 0x558B655F;
	  f horizontal_meters = 4.000000;
	  f lod = 1.000000;
	  f near_plane = 0.100000;
		texture = Art\Bitmaps\Decals\b_d_lc01-a.%img%;
	  f vertical_meters = 4.000000;
	}
	[t:decal,n:*]
	{
		decal_orientation = 0.973347,-0.194931,-0.120824,0.000000,0.526836,-0.849967,0.229339,0.827313,0.512794;
		decal_origin = -1.135072,2.111028,-0.413519,0x054F1AC8;
	  f far_plane = 1.100000;
	  x guid = 0x12DA0325;
	  f horizontal_meters = 4.000000;
	  f lod = 1.000000;
	  f near_plane = 0.100000;
		texture = Art\Bitmaps\Decals\b_d_lc01-a.%img%;
	  f vertical_meters = 4.000000;
	}
	[t:decal,n:*]
	{
		decal_orientation = 0.964760,-0.232227,-0.123730,0.000000,0.470219,-0.882550,0.263132,0.851449,0.453648;
		decal_origin = -1.433986,1.375073,-1.885729,0x054F1AC8;
	  f far_plane = 1.100000;
	  x guid = 0xF112B38D;
	  f horizontal_meters = 4.000000;
	  f lod = 1.000000;
	  f near_plane = 0.100000;
		texture = Art\Bitmaps\Decals\b_d_lc01-a.%img%;
	  f vertical_meters = 4.000000;
	}
	[t:decal,n:*]
	{
		decal_orientation = 0.675668,-0.595557,-0.434494,0.000000,0.589379,-0.807857,0.737206,0.545843,0.398225;
		decal_origin = 0.170969,0.597566,-2.435220,0x054F1AC8;
	  f far_plane = 1.100000;
	  x guid = 0x478C1070;
	  f horizontal_meters = 4.000000;
	  f lod = 1.000000;
	  f near_plane = 0.100000;
		texture = Art\Bitmaps\Decals\b_d_lc01-a.%img%;
	  f vertical_meters = 4.000000;
	}
	[t:decal,n:*]
	{
		decal_orientation = 0.694004,-0.633700,-0.341735,0.000000,0.474651,-0.880174,0.719971,0.610845,0.329410;
		decal_origin = -0.442962,0.295738,-3.711104,0x054F1AC8;
	  f far_plane = 1.100000;
	  x guid = 0xCD86C598;
	  f horizontal_meters = 4.000000;
	  f lod = 1.000000;
	  f near_plane = 0.100000;
		texture = Art\Bitmaps\Decals\b_d_lc01-a.%img%;
	  f vertical_meters = 4.000000;
	}
	[t:decal,n:*]
	{
		decal_orientation = 0.730467,-0.647468,-0.217264,0.000000,0.318126,-0.948048,0.682948,0.692518,0.232381;
		decal_origin = 0.774819,-0.251842,-3.966252,0x054F1AC8;
	  f far_plane = 1.100000;
	  x guid = 0x76B167E8;
	  f horizontal_meters = 4.000000;
	  f lod = 1.000000;
	  f near_plane = 0.100000;
		texture = Art\Bitmaps\Decals\b_d_lc01-a.%img%;
	  f vertical_meters = 4.000000;
	}
	[t:decal,n:*]
	{
		decal_orientation = 0.730467,-0.647468,-0.217264,0.000000,0.318126,-0.948048,0.682948,0.692518,0.232381;
		decal_origin = 0.588507,-0.483119,-5.083988,0x054F1AC8;
	  f far_plane = 1.100000;
	  x guid = 0x6CA4DD44;
	  f horizontal_meters = 4.000000;
	  f lod = 1.000000;
	  f near_plane = 0.100000;
		texture = Art\Bitmaps\Decals\b_d_lc01-a.%img%;
	  f vertical_meters = 4.000000;
	}
	[t:decal,n:*]
	{
		decal_orientation = 0.463252,-0.880638,-0.099369,0.000000,0.112126,-0.993694,0.886227,0.460331,0.051943;
		decal_origin = 2.512208,-0.893126,-4.901252,0x054F1AC8;
	  f far_plane = 1.100000;
	  x guid = 0x677781CA;
	  f horizontal_meters = 4.000000;
	  f lod = 1.000000;
	  f near_plane = 0.100000;
		texture = Art\Bitmaps\Decals\b_d_lc01-a.%img%;
	  f vertical_meters = 4.000000;
	}
	[t:decal,n:*]
	{
		decal_orientation = 0.000000,-1.000000,0.000000,0.000000,0.000000,-1.000000,1.000000,0.000000,0.000000;
		decal_origin = 3.570269,-0.999998,-5.456881,0x054F1AC8;
	  f far_plane = 1.100000;
	  x guid = 0x2729DC33;
	  f horizontal_meters = 4.000000;
	  f lod = 1.000000;
	  f near_plane = 0.100000;
		texture = Art\Bitmaps\Decals\b_d_lc01-a.%img%;
	  f vertical_meters = 4.000000;
	}
	[t:decal,n:*]
	{
		decal_orientation = 0.868243,-0.494365,-0.041916,0.000000,0.084485,-0.996425,0.496139,0.865139,0.073353;
		decal_origin = 3.484751,-1.001348,-5.547202,0x054F1AC8;
	  f far_plane = 1.100000;
	  x guid = 0x796A5FD3;
	  f horizontal_meters = 4.000000;
	  f lod = 1.000000;
	  f near_plane = 0.100000;
		texture = Art\Bitmaps\Decals\b_d_lc01-a.%img%;
	  f vertical_meters = 4.000000;
	}
	[t:decal,n:*]
	{
		decal_orientation = 0.000000,-1.000000,0.000000,0.000000,0.000000,-1.000000,1.000000,0.000000,0.000000;
		decal_origin = -2.344832,0.999998,-3.894367,0x0B3987FD;
	  f far_plane = 1.100000;
	  x guid = 0x0A4A7693;
	  f horizontal_meters = 4.000000;
	  f lod = 1.000000;
	  f near_plane = 0.100000;
		texture = Art\Bitmaps\Decals\b_d_lc01-a.%img%;
	  f vertical_meters = 4.000000;
	}
	[t:decal,n:*]
	{
		decal_orientation = 0.730466,0.647468,0.217264,0.000000,0.318127,-0.948048,-0.682949,0.692517,0.232381;
		decal_origin = 1.144298,-0.601139,-3.111674,0x2F50B908;
	  f far_plane = 1.100000;
	  x guid = 0xB1F8C6A2;
	  f horizontal_meters = 4.000000;
	  f lod = 1.000000;
	  f near_plane = 0.100000;
		texture = Art\Bitmaps\Decals\b_d_lc01-a.%img%;
	  f vertical_meters = 4.000000;
	}
	[t:decal,n:*]
	{
		decal_orientation = 0.486721,0.868818,0.090876,0.000000,0.104030,-0.994574,-0.873557,0.484080,0.050634;
		decal_origin = -0.144004,-0.932235,-3.379233,0x2F50B908;
	  f far_plane = 1.100000;
	  x guid = 0xD74BBF13;
	  f horizontal_meters = 4.000000;
	  f lod = 1.000000;
	  f near_plane = 0.100000;
		texture = Art\Bitmaps\Decals\b_d_lc01-a.%img%;
	  f vertical_meters = 4.000000;
	}
	[t:decal,n:*]
	{
		decal_orientation = 0.694004,0.633700,0.341735,0.000000,0.474651,-0.880174,-0.719971,0.610844,0.329410;
		decal_origin = 2.008188,-0.136252,-2.280738,0x2F50B908;
	  f far_plane = 1.100000;
	  x guid = 0x221697AB;
	  f horizontal_meters = 4.000000;
	  f lod = 1.000000;
	  f near_plane = 0.100000;
		texture = Art\Bitmaps\Decals\b_d_lc01-a.%img%;
	  f vertical_meters = 4.000000;
	}
	[t:decal,n:*]
	{
		decal_orientation = 0.962673,0.233356,0.137132,0.000000,0.506647,-0.862154,-0.270666,0.829972,0.487735;
		decal_origin = 1.772466,0.128630,-1.371458,0x2F50B908;
	  f far_plane = 1.100000;
	  x guid = 0x0CDF75C8;
	  f horizontal_meters = 4.000000;
	  f lod = 1.000000;
	  f near_plane = 0.100000;
		texture = Art\Bitmaps\Decals\b_d_lc01-a.%img%;
	  f vertical_meters = 4.000000;
	}
	[t:decal,n:*]
	{
		decal_orientation = 0.834209,0.488968,0.254962,0.000000,0.462349,-0.886698,-0.551448,0.739692,0.385696;
		decal_origin = 3.215870,0.780275,-1.193987,0x2F50B908;
	  f far_plane = 1.100000;
	  x guid = 0xB1230FD2;
	  f horizontal_meters = 4.000000;
	  f lod = 1.000000;
	  f near_plane = 0.100000;
		texture = Art\Bitmaps\Decals\b_d_lc01-a.%img%;
	  f vertical_meters = 4.000000;
	}
	[t:decal,n:*]
	{
		decal_orientation = 0.669435,0.609090,0.425284,0.000000,0.572488,-0.819913,-0.742871,0.548879,0.383243;
		decal_origin = 2.107953,1.015953,0.227289,0x2F50B908;
	  f far_plane = 1.100000;
	  x guid = 0x93CADCD9;
	  f horizontal_meters = 4.000000;
	  f lod = 1.000000;
	  f near_plane = 0.100000;
		texture = Art\Bitmaps\Decals\b_d_lc01-a.%img%;
	  f vertical_meters = 4.000000;
	}
	[t:decal,n:*]
	{
		decal_orientation = 0.973347,0.194931,0.120824,0.000000,0.526836,-0.849967,-0.229339,0.827312,0.512794;
		decal_origin = 3.598503,2.036879,1.437266,0x2F50B908;
	  f far_plane = 1.100000;
	  x guid = 0x5EBE4904;
	  f horizontal_meters = 4.000000;
	  f lod = 1.000000;
	  f near_plane = 0.100000;
		texture = Art\Bitmaps\Decals\b_d_lc01-a.%img%;
	  f vertical_meters = 4.000000;
	}
	[t:decal,n:*]
	{
		decal_orientation = 1.000000,0.000000,0.000000,0.000000,0.099504,-0.995037,0.000000,0.995037,0.099504;
		decal_origin = 3.344785,2.895725,3.407385,0x2F50B908;
	  f far_plane = 1.100000;
	  x guid = 0xC8A61F95;
	  f horizontal_meters = 4.000000;
	  f lod = 1.000000;
	  f near_plane = 0.100000;
		texture = Art\Bitmaps\Decals\b_d_lc01-a.%img%;
	  f vertical_meters = 4.000000;
	}
	[t:decal,n:*]
	{
		decal_orientation = 0.967117,0.214886,0.136049,0.000000,0.534925,-0.844899,-0.254333,0.817116,0.517335;
		decal_origin = 1.980472,2.096842,1.948993,0x2F50B908;
	  f far_plane = 1.100000;
	  x guid = 0x6E253C67;
	  f horizontal_meters = 4.000000;
	  f lod = 1.000000;
	  f near_plane = 0.100000;
		texture = Art\Bitmaps\Decals\b_d_lc01-a.%img%;
	  f vertical_meters = 4.000000;
	}
	[t:decal,n:*]
	{
		decal_orientation = 0.679292,0.656597,0.327785,0.000000,0.446654,-0.894707,-0.733868,0.607767,0.303409;
		decal_origin = 0.520890,0.069473,-0.678868,0x2F50B908;
	  f far_plane = 1.100000;
	  x guid = 0x517E29E6;
	  f horizontal_meters = 4.000000;
	  f lod = 1.000000;
	  f near_plane = 0.100000;
		texture = Art\Bitmaps\Decals\b_d_lc01-a.%img%;
	  f vertical_meters = 4.000000;
	}
	[t:decal,n:*]
	{
		decal_orientation = 0.964760,0.232227,0.123730,0.000000,0.470219,-0.882550,-0.263132,0.851449,0.453648;
		decal_origin = 4.231362,1.536629,0.308365,0x2F50B908;
	  f far_plane = 1.100000;
	  x guid = 0xA2CCE09B;
	  f horizontal_meters = 4.000000;
	  f lod = 1.000000;
	  f near_plane = 0.100000;
		texture = Art\Bitmaps\Decals\b_d_lc01-a.%img%;
	  f vertical_meters = 4.000000;
	}
	[t:decal,n:*]
	{
		decal_orientation = 0.852814,-0.431028,-0.294828,0.000000,0.564571,-0.825384,0.522215,0.703899,0.481474;
		decal_origin = 3.924433,-0.378742,-2.929641,0x2F50B908;
	  f far_plane = 1.100000;
	  x guid = 0xF10B788E;
	  f horizontal_meters = 4.000000;
	  f lod = 1.000000;
	  f near_plane = 0.100000;
		texture = Art\Bitmaps\Decals\b_d_lc01-a.%img%;
	  f vertical_meters = 4.000000;
	}
	[t:decal,n:*]
	{
		decal_orientation = 0.055470,0.998334,0.015871,0.000000,0.015896,-0.999874,-0.998460,0.055463,0.000882;
		decal_origin = 1.872879,-10.970224,-1.190371,0x482B3C59;
	  f far_plane = 1.100000;
	  x guid = 0x0124464C;
	  f horizontal_meters = 4.000000;
	  f lod = 1.000000;
	  f near_plane = 0.100000;
		texture = art\bitmaps\decals\b_d_sand-desert.raw;
	  f vertical_meters = 4.000000;
	}
	[t:decal,n:*]
	{
		decal_orientation = -0.055470,-0.998338,-0.015623,0.000000,0.015647,-0.999878,0.998460,-0.055463,-0.000868;
		decal_origin = -0.425565,-10.992726,-1.679084,0x482B3C59;
	  f far_plane = 1.100000;
	  x guid = 0xA4D22115;
	  f horizontal_meters = 4.000000;
	  f lod = 1.000000;
	  f near_plane = 0.100000;
		texture = art\bitmaps\decals\b_d_sand-desert.raw;
	  f vertical_meters = 4.000000;
	}
	[t:decal,n:*]
	{
		decal_orientation = -0.216931,-0.976073,-0.014924,0.000000,0.015288,-0.999883,0.976187,-0.216905,-0.003316;
		decal_origin = -2.051849,-10.968512,-1.325540,0x482B3C59;
	  f far_plane = 1.100000;
	  x guid = 0xE12B5BB8;
	  f horizontal_meters = 4.000000;
	  f lod = 1.000000;
	  f near_plane = 0.100000;
		texture = art\bitmaps\decals\b_d_sand-desert.raw;
	  f vertical_meters = 4.000000;
	}
	[t:decal,n:*]
	{
		decal_orientation = 0.842271,-0.538847,-0.014920,0.000000,0.027678,-0.999617,0.539054,0.841949,0.023312;
		decal_origin = -1.841679,-10.942036,0.190429,0x482B3C59;
	  f far_plane = 1.100000;
	  x guid = 0x2EC661E3;
	  f horizontal_meters = 4.000000;
	  f lod = 1.000000;
	  f near_plane = 0.100000;
		texture = art\bitmaps\decals\b_d_sand-desert.raw;
	  f vertical_meters = 4.000000;
	}
}
