[decals]
{
	[t:decal,n:*]
	{
		decal_orientation = 0.912509,-0.408758,-0.015614,0.000000,0.038170,-0.999271,0.409056,0.911844,0.034830;
		decal_origin = -2.069177,-10.991504,-2.727123,0x97E22EC4;
	  f far_plane = 1.100000;
	  x guid = 0xE5014C37;
	  f horizontal_meters = 4.000000;
	  f lod = 1.000000;
	  f near_plane = 0.100000;
		texture = Art\Bitmaps\Decals\b_d_lakeshore-gravel-a.%img%;
	  f vertical_meters = 4.000000;
	}
	[t:decal,n:*]
	{
		decal_orientation = 0.038433,0.998687,0.033879,0.000000,0.033904,-0.999425,-0.999261,0.038411,0.001303;
		decal_origin = 1.310845,-10.957376,-2.529147,0x97E22EC4;
	  f far_plane = 1.100000;
	  x guid = 0x320B2978;
	  f horizontal_meters = 4.000000;
	  f lod = 1.000000;
	  f near_plane = 0.100000;
		texture = Art\Bitmaps\Decals\b_d_lakeshore-gravel-a.%img%;
	  f vertical_meters = 4.000000;
	}
	[t:decal,n:*]
	{
		decal_orientation = 0.038433,0.998687,0.033879,0.000000,0.033904,-0.999425,-0.999261,0.038411,0.001303;
		decal_origin = 2.411639,-10.919580,-2.162252,0x97E22EC4;
	  f far_plane = 1.100000;
	  x guid = 0x1BEE2ACF;
	  f horizontal_meters = 4.000000;
	  f lod = 1.000000;
	  f near_plane = 0.100000;
		texture = Art\Bitmaps\Decals\b_d_lakeshore-gravel-a.%img%;
	  f vertical_meters = 4.000000;
	}
	[t:decal,n:*]
	{
		decal_orientation = 0.038433,0.998687,0.033879,0.000000,0.033904,-0.999425,-0.999261,0.038411,0.001303;
		decal_origin = 0.149057,-10.996374,-2.234268,0x97E22EC4;
	  f far_plane = 1.100000;
	  x guid = 0xDB2A40F5;
	  f horizontal_meters = 4.000000;
	  f lod = 1.000000;
	  f near_plane = 0.100000;
		texture = Art\Bitmaps\Decals\b_d_lakeshore-gravel-a.%img%;
	  f vertical_meters = 4.000000;
	}
	[t:decal,n:*]
	{
		decal_orientation = 0.000000,-1.000000,0.000000,0.000000,0.000000,-1.000000,1.000000,0.000000,0.000000;
		decal_origin = -1.611727,-11.000000,-3.970845,0x97E22EC4;
	  f far_plane = 1.100000;
	  x guid = 0x58331741;
	  f horizontal_meters = 4.000000;
	  f lod = 1.000000;
	  f near_plane = 0.100000;
		texture = Art\Bitmaps\Decals\b_d_lakeshore-gravel-a.%img%;
	  f vertical_meters = 4.000000;
	}
	[t:decal,n:*]
	{
		decal_orientation = 0.000000,-1.000000,0.000000,0.000000,0.000000,-1.000000,1.000000,0.000000,0.000000;
		decal_origin = 2.136517,0.999999,3.790709,0xD520BFA3;
	  f far_plane = 1.100000;
	  x guid = 0x16EE1927;
	  f horizontal_meters = 4.000000;
	  f lod = 1.000000;
	  f near_plane = 0.100000;
		texture = Art\Bitmaps\Decals\b_d_grs01-a.%img%;
	  f vertical_meters = 4.000000;
	}
	[t:decal,n:*]
	{
		decal_orientation = -0.114624,0.992744,0.036339,0.000000,0.036581,-0.999331,-0.993409,-0.114547,-0.004193;
		decal_origin = 1.799019,-10.938441,-3.087115,0x04B0BA52;
	  f far_plane = 1.100000;
	  x guid = 0x9A6B9191;
	  f horizontal_meters = 4.000000;
	  f lod = 1.000000;
	  f near_plane = 0.100000;
		texture = Art\Bitmaps\Decals\b_d_grs01-a.%img%;
	  f vertical_meters = 4.000000;
	}
	[t:decal,n:*]
	{
		decal_orientation = 0.000000,-1.000000,0.000000,0.000000,0.000000,-1.000000,1.000000,0.000000,0.000000;
		decal_origin = -0.083624,-11.000001,-2.818814,0x04B0BA52;
	  f far_plane = 1.100000;
	  x guid = 0x4F72DA86;
	  f horizontal_meters = 4.000000;
	  f lod = 1.000000;
	  f near_plane = 0.100000;
		texture = Art\Bitmaps\Decals\b_d_grs01-a.%img%;
	  f vertical_meters = 4.000000;
	}
	[t:decal,n:*]
	{
		decal_orientation = 0.912509,-0.408758,-0.015614,0.000000,0.038170,-0.999271,0.409056,0.911844,0.034830;
		decal_origin = -2.134068,-10.997258,-2.921286,0x04B0BA52;
	  f far_plane = 1.100000;
	  x guid = 0xA660E3BA;
	  f horizontal_meters = 4.000000;
	  f lod = 1.000000;
	  f near_plane = 0.100000;
		texture = Art\Bitmaps\Decals\b_d_grs01-a.%img%;
	  f vertical_meters = 4.000000;
	}
	[t:decal,n:*]
	{
		decal_orientation = 0.000000,-1.000000,0.000000,0.000000,0.000000,-1.000000,1.000000,0.000000,0.000000;
		decal_origin = -2.141957,-11.000002,-4.451520,0x04B0BA52;
	  f far_plane = 1.100000;
	  x guid = 0xD97AB7F3;
	  f horizontal_meters = 4.000000;
	  f lod = 1.000000;
	  f near_plane = 0.100000;
		texture = Art\Bitmaps\Decals\b_d_grs01-a.%img%;
	  f vertical_meters = 4.000000;
	}
	[t:decal,n:*]
	{
		decal_orientation = 0.912509,-0.408758,-0.015614,0.000000,0.038170,-0.999271,0.409056,0.911844,0.034830;
		decal_origin = -2.572999,-10.980433,-2.635371,0x04B0BA52;
	  f far_plane = 1.100000;
	  x guid = 0xF399CD3F;
	  f horizontal_meters = 4.000000;
	  f lod = 1.000000;
	  f near_plane = 0.100000;
		texture = Art\Bitmaps\Decals\b_d_grs01-a.%img%;
	  f vertical_meters = 4.000000;
	}
	[t:decal,n:*]
	{
		decal_orientation = 0.000000,-1.000000,0.000000,0.000000,0.000000,-1.000000,1.000000,0.000000,0.000000;
		decal_origin = -0.453139,-11.000002,-5.450059,0x04B0BA52;
	  f far_plane = 1.100000;
	  x guid = 0xCCDB5315;
	  f horizontal_meters = 4.000000;
	  f lod = 1.000000;
	  f near_plane = 0.100000;
		texture = Art\Bitmaps\Decals\b_d_grs01-a.%img%;
	  f vertical_meters = 4.000000;
	}
	[t:decal,n:*]
	{
		decal_orientation = 0.000000,0.999385,0.035066,0.000000,0.035066,-0.999385,-1.000000,0.000000,0.000000;
		decal_origin = 0.825975,-10.973913,-5.009382,0x04B0BA52;
	  f far_plane = 1.100000;
	  x guid = 0xB5AEB999;
	  f horizontal_meters = 4.000000;
	  f lod = 1.000000;
	  f near_plane = 0.100000;
		texture = Art\Bitmaps\Decals\b_d_grs01-a.%img%;
	  f vertical_meters = 4.000000;
	}
}
