[decals]
{
	[t:decal,n:*]
	{
		decal_orientation = 0.912509,-0.408758,-0.015614,0.000000,0.038170,-0.999271,0.409056,0.911844,0.034830;
		decal_origin = -2.069177,-10.991504,-2.727123,0x97E22EC4;
	  f far_plane = 1.100000;
	  x guid = 0xE5014C37;
	  f horizontal_meters = 4.000000;
	  f lod = 1.000000;
	  f near_plane = 0.100000;
		texture = Art\Bitmaps\Decals\b_d_lakeshore-gravel-a.%img%;
	  f vertical_meters = 4.000000;
	}
	[t:decal,n:*]
	{
		decal_orientation = 0.038433,0.998687,0.033879,0.000000,0.033904,-0.999425,-0.999261,0.038411,0.001303;
		decal_origin = 1.310845,-10.957376,-2.529147,0x97E22EC4;
	  f far_plane = 1.100000;
	  x guid = 0x320B2978;
	  f horizontal_meters = 4.000000;
	  f lod = 1.000000;
	  f near_plane = 0.100000;
		texture = Art\Bitmaps\Decals\b_d_lakeshore-gravel-a.%img%;
	  f vertical_meters = 4.000000;
	}
	[t:decal,n:*]
	{
		decal_orientation = 0.038433,0.998687,0.033879,0.000000,0.033904,-0.999425,-0.999261,0.038411,0.001303;
		decal_origin = 2.411639,-10.919580,-2.162252,0x97E22EC4;
	  f far_plane = 1.100000;
	  x guid = 0x1BEE2ACF;
	  f horizontal_meters = 4.000000;
	  f lod = 1.000000;
	  f near_plane = 0.100000;
		texture = Art\Bitmaps\Decals\b_d_lakeshore-gravel-a.%img%;
	  f vertical_meters = 4.000000;
	}
	[t:decal,n:*]
	{
		decal_orientation = 0.038433,0.998687,0.033879,0.000000,0.033904,-0.999425,-0.999261,0.038411,0.001303;
		decal_origin = 0.149057,-10.996374,-2.234268,0x97E22EC4;
	  f far_plane = 1.100000;
	  x guid = 0xDB2A40F5;
	  f horizontal_meters = 4.000000;
	  f lod = 1.000000;
	  f near_plane = 0.100000;
		texture = Art\Bitmaps\Decals\b_d_lakeshore-gravel-a.%img%;
	  f vertical_meters = 4.000000;
	}
	[t:decal,n:*]
	{
		decal_orientation = 0.000000,-1.000000,0.000000,0.000000,0.000000,-1.000000,1.000000,0.000000,0.000000;
		decal_origin = -1.611727,-11.000000,-3.970845,0x97E22EC4;
	  f far_plane = 1.100000;
	  x guid = 0x58331741;
	  f horizontal_meters = 4.000000;
	  f lod = 1.000000;
	  f near_plane = 0.100000;
		texture = Art\Bitmaps\Decals\b_d_lakeshore-gravel-a.%img%;
	  f vertical_meters = 4.000000;
	}
	[t:decal,n:*]
	{
		decal_orientation = -0.497894,-0.018486,-0.867041,0.000000,0.999773,-0.021316,0.867238,-0.010613,-0.497781;
		decal_origin = 0.448124,-12.378231,2.276303,0x222D9F8E;
	  f far_plane = 1.100000;
	  x guid = 0xC1288FAE;
	  f horizontal_meters = 4.000000;
	  f lod = 1.000000;
	  f near_plane = 0.100000;
		texture = Art\Bitmaps\Decals\b_d_seaweed-02.%img%;
	  f vertical_meters = 4.000000;
	}
	[t:decal,n:*]
	{
		decal_orientation = 0.995893,-0.060764,-0.067116,0.000000,0.741316,-0.671156,0.090536,0.668400,0.738272;
		decal_origin = 0.079730,0.224142,-2.052591,0xD36DDE38;
	  f far_plane = 1.100000;
	  x guid = 0x2EB69782;
	  f horizontal_meters = 4.000000;
	  f lod = 1.000000;
	  f near_plane = 0.100000;
		texture = Art\Bitmaps\Decals\b_d_straw-b.%img%;
	  f vertical_meters = 4.000000;
	}
	[t:decal,n:*]
	{
		decal_orientation = 1.000000,0.000000,0.000000,0.000000,0.813733,-0.581238,0.000000,0.581238,0.813733;
		decal_origin = 1.667244,0.794946,-1.518228,0xD36DDE38;
	  f far_plane = 1.100000;
	  x guid = 0xA93A4A76;
	  f horizontal_meters = 4.000000;
	  f lod = 1.000000;
	  f near_plane = 0.100000;
		texture = Art\Bitmaps\Decals\b_d_straw-b.%img%;
	  f vertical_meters = 4.000000;
	}
	[t:decal,n:*]
	{
		decal_orientation = -0.447214,-0.186299,-0.874810,0.000000,0.978068,-0.208288,0.894427,-0.093149,-0.437405;
		decal_origin = 3.064150,0.398265,1.396832,0xD36DDE38;
	  f far_plane = 1.100000;
	  x guid = 0xAB31C761;
	  f horizontal_meters = 4.000000;
	  f lod = 1.000000;
	  f near_plane = 0.100000;
		texture = Art\Bitmaps\Decals\b_d_straw-b.%img%;
	  f vertical_meters = 4.000000;
	}
	[t:decal,n:*]
	{
		decal_orientation = -0.124035,-0.379130,-0.916993,0.000000,0.924129,-0.382080,0.992278,-0.047391,-0.114624;
		decal_origin = 3.057867,1.127030,0.504461,0xD36DDE38;
	  f far_plane = 1.100000;
	  x guid = 0x393895BA;
	  f horizontal_meters = 4.000000;
	  f lod = 1.000000;
	  f near_plane = 0.100000;
		texture = Art\Bitmaps\Decals\b_d_straw-b.%img%;
	  f vertical_meters = 4.000000;
	}
	[t:decal,n:*]
	{
		decal_orientation = 0.447214,-0.365148,-0.816496,0.000000,0.912871,-0.408248,0.894427,0.182574,0.408248;
		decal_origin = 2.900244,-0.387197,-1.836199,0xD36DDE38;
	  f far_plane = 1.100000;
	  x guid = 0x71B662FF;
	  f horizontal_meters = 4.000000;
	  f lod = 1.000000;
	  f near_plane = 0.100000;
		texture = Art\Bitmaps\Decals\b_d_straw-b.%img%;
	  f vertical_meters = 4.000000;
	}
	[t:decal,n:*]
	{
		decal_orientation = -0.919145,-0.313385,-0.238667,0.000000,0.605878,-0.795557,0.393919,-0.731233,-0.556890;
		decal_origin = 0.686451,1.230338,1.172438,0xD36DDE38;
	  f far_plane = 1.100000;
	  x guid = 0xF72643B1;
	  f horizontal_meters = 4.000000;
	  f lod = 1.000000;
	  f near_plane = 0.100000;
		texture = Art\Bitmaps\Decals\b_d_straw-b.%img%;
	  f vertical_meters = 4.000000;
	}
	[t:decal,n:*]
	{
		decal_orientation = -0.919145,0.157947,0.360867,0.000000,0.916094,-0.400963,-0.393919,-0.368544,-0.842023;
		decal_origin = 0.888284,0.122002,2.081641,0xD36DDE38;
	  f far_plane = 1.100000;
	  x guid = 0x5F72EE3E;
	  f horizontal_meters = 4.000000;
	  f lod = 1.000000;
	  f near_plane = 0.100000;
		texture = Art\Bitmaps\Decals\b_d_straw-b.%img%;
	  f vertical_meters = 4.000000;
	}
	[t:decal,n:*]
	{
		decal_orientation = -0.995893,0.060764,0.067116,0.000000,0.741316,-0.671156,-0.090536,-0.668400,-0.738272;
		decal_origin = 1.515468,1.520918,1.018723,0xD36DDE38;
	  f far_plane = 1.100000;
	  x guid = 0xB5F2F58E;
	  f horizontal_meters = 4.000000;
	  f lod = 1.000000;
	  f near_plane = 0.100000;
		texture = Art\Bitmaps\Decals\b_d_straw-b.%img%;
	  f vertical_meters = 4.000000;
	}
	[t:decal,n:*]
	{
		decal_orientation = -0.980581,0.107310,0.164153,0.000000,0.837018,-0.547176,-0.196116,-0.536550,-0.820763;
		decal_origin = -0.466385,0.381133,2.071012,0xD36DDE38;
	  f far_plane = 1.100000;
	  x guid = 0x4C7CA279;
	  f horizontal_meters = 4.000000;
	  f lod = 1.000000;
	  f near_plane = 0.100000;
		texture = Art\Bitmaps\Decals\b_d_straw-b.%img%;
	  f vertical_meters = 4.000000;
	}
	[t:decal,n:*]
	{
		decal_orientation = 0.000000,0.707107,0.707107,0.000000,0.707107,-0.707107,-1.000000,0.000000,0.000000;
		decal_origin = -1.335611,1.078603,0.123545,0xD36DDE38;
	  f far_plane = 1.100000;
	  x guid = 0x6F706F3C;
	  f horizontal_meters = 4.000000;
	  f lod = 1.000000;
	  f near_plane = 0.100000;
		texture = Art\Bitmaps\Decals\b_d_straw-b.%img%;
	  f vertical_meters = 4.000000;
	}
	[t:decal,n:*]
	{
		decal_orientation = 0.707107,0.539164,0.457496,0.000000,0.646997,-0.762493,-0.707107,0.539164,0.457496;
		decal_origin = -1.494101,-0.007428,-2.704094,0xD36DDE38;
	  f far_plane = 1.100000;
	  x guid = 0x002EE9C1;
	  f horizontal_meters = 4.000000;
	  f lod = 1.000000;
	  f near_plane = 0.100000;
		texture = Art\Bitmaps\Decals\b_d_straw-b.%img%;
	  f vertical_meters = 4.000000;
	}
	[t:decal,n:*]
	{
		decal_orientation = 0.000000,-0.857493,-0.514496,0.000000,0.514496,-0.857493,1.000000,0.000000,0.000000;
		decal_origin = -0.116398,0.036028,-2.213781,0xD36DDE38;
	  f far_plane = 1.100000;
	  x guid = 0xBC1BD7ED;
	  f horizontal_meters = 4.000000;
	  f lod = 1.000000;
	  f near_plane = 0.100000;
		texture = Art\Bitmaps\Decals\b_d_straw-b.%img%;
	  f vertical_meters = 4.000000;
	}
	[t:decal,n:*]
	{
		decal_orientation = 0.503871,-0.292512,-0.812742,0.000000,0.940915,-0.338643,0.863779,0.170632,0.474100;
		decal_origin = 3.004425,0.466076,-1.023941,0xD36DDE38;
	  f far_plane = 1.100000;
	  x guid = 0x41FF6B91;
	  f horizontal_meters = 4.000000;
	  f lod = 1.000000;
	  f near_plane = 0.100000;
		texture = Art\Bitmaps\Decals\b_d_straw-b.%img%;
	  f vertical_meters = 4.000000;
	}
	[t:decal,n:*]
	{
		decal_orientation = 0.503871,-0.292512,-0.812742,0.000000,0.940915,-0.338643,0.863779,0.170632,0.474100;
		decal_origin = 2.050068,0.842138,-0.996365,0xD36DDE38;
	  f far_plane = 1.100000;
	  x guid = 0xBAF93654;
	  f horizontal_meters = 4.000000;
	  f lod = 1.000000;
	  f near_plane = 0.100000;
		texture = Art\Bitmaps\Decals\b_d_seaweed-02.%img%;
	  f vertical_meters = 4.000000;
	}
	[t:decal,n:*]
	{
		decal_orientation = 0.503871,-0.292512,-0.812742,0.000000,0.940915,-0.338643,0.863779,0.170632,0.474100;
		decal_origin = 3.106790,0.441304,-0.753832,0xD36DDE38;
	  f far_plane = 1.100000;
	  x guid = 0xAC0A6B5C;
	  f horizontal_meters = 4.000000;
	  f lod = 1.000000;
	  f near_plane = 0.100000;
		texture = Art\Bitmaps\Decals\b_d_seaweed-02.%img%;
	  f vertical_meters = 4.000000;
	}
	[t:decal,n:*]
	{
		decal_orientation = -0.124035,-0.379130,-0.916993,0.000000,0.924129,-0.382080,0.992278,-0.047391,-0.114624;
		decal_origin = 3.359784,0.418172,0.451989,0xD36DDE38;
	  f far_plane = 1.100000;
	  x guid = 0x5128D3A7;
	  f horizontal_meters = 4.000000;
	  f lod = 1.000000;
	  f near_plane = 0.100000;
		texture = Art\Bitmaps\Decals\b_d_seaweed-02.%img%;
	  f vertical_meters = 4.000000;
	}
	[t:decal,n:*]
	{
		decal_orientation = 0.997054,0.046676,0.060858,0.000000,0.793492,-0.608581,-0.076697,0.606788,0.791155;
		decal_origin = 0.855919,1.439970,-0.991378,0xD36DDE38;
	  f far_plane = 1.100000;
	  x guid = 0x862F2514;
	  f horizontal_meters = 4.000000;
	  f lod = 1.000000;
	  f near_plane = 0.100000;
		texture = Art\Bitmaps\Decals\b_d_seaweed-02.%img%;
	  f vertical_meters = 4.000000;
	}
	[t:decal,n:*]
	{
		decal_orientation = -0.919145,-0.313385,-0.238667,0.000000,0.605878,-0.795557,0.393919,-0.731233,-0.556890;
		decal_origin = 0.800244,1.003246,1.448088,0xD36DDE38;
	  f far_plane = 1.100000;
	  x guid = 0xEC7861B0;
	  f horizontal_meters = 4.000000;
	  f lod = 1.000000;
	  f near_plane = 0.100000;
		texture = Art\Bitmaps\Decals\b_d_seaweed-02.%img%;
	  f vertical_meters = 4.000000;
	}
	[t:decal,n:*]
	{
		decal_orientation = -0.995893,0.060764,0.067116,0.000000,0.741316,-0.671156,-0.090536,-0.668400,-0.738272;
		decal_origin = 1.126334,1.297124,1.186797,0xD36DDE38;
	  f far_plane = 1.100000;
	  x guid = 0x7BD9560E;
	  f horizontal_meters = 4.000000;
	  f lod = 1.000000;
	  f near_plane = 0.100000;
		texture = Art\Bitmaps\Decals\b_d_seaweed-02.%img%;
	  f vertical_meters = 4.000000;
	}
	[t:decal,n:*]
	{
		decal_orientation = 0.995893,-0.060764,-0.067116,0.000000,0.741316,-0.671156,0.090536,0.668400,0.738272;
		decal_origin = -0.559021,0.322950,-2.020835,0xD36DDE38;
	  f far_plane = 1.100000;
	  x guid = 0x809974FD;
	  f horizontal_meters = 4.000000;
	  f lod = 1.000000;
	  f near_plane = 0.100000;
		texture = Art\Bitmaps\Decals\b_d_seaweed-02.%img%;
	  f vertical_meters = 4.000000;
	}
	[t:decal,n:*]
	{
		decal_orientation = 0.000000,-1.000000,0.000000,0.000000,0.000000,-1.000000,1.000000,0.000000,0.000000;
		decal_origin = 2.136517,0.999999,3.790709,0xD520BFA3;
	  f far_plane = 1.100000;
	  x guid = 0x16EE1927;
	  f horizontal_meters = 4.000000;
	  f lod = 1.000000;
	  f near_plane = 0.100000;
		texture = Art\Bitmaps\Decals\b_d_grs01-a.%img%;
	  f vertical_meters = 4.000000;
	}
	[t:decal,n:*]
	{
		decal_orientation = -0.114624,0.992744,0.036339,0.000000,0.036581,-0.999331,-0.993409,-0.114547,-0.004193;
		decal_origin = 1.799019,-10.938441,-3.087115,0x04B0BA52;
	  f far_plane = 1.100000;
	  x guid = 0x9A6B9191;
	  f horizontal_meters = 4.000000;
	  f lod = 1.000000;
	  f near_plane = 0.100000;
		texture = Art\Bitmaps\Decals\b_d_grs01-a.%img%;
	  f vertical_meters = 4.000000;
	}
	[t:decal,n:*]
	{
		decal_orientation = 0.000000,-1.000000,0.000000,0.000000,0.000000,-1.000000,1.000000,0.000000,0.000000;
		decal_origin = -0.083624,-11.000001,-2.818814,0x04B0BA52;
	  f far_plane = 1.100000;
	  x guid = 0x4F72DA86;
	  f horizontal_meters = 4.000000;
	  f lod = 1.000000;
	  f near_plane = 0.100000;
		texture = Art\Bitmaps\Decals\b_d_grs01-a.%img%;
	  f vertical_meters = 4.000000;
	}
	[t:decal,n:*]
	{
		decal_orientation = 0.912509,-0.408758,-0.015614,0.000000,0.038170,-0.999271,0.409056,0.911844,0.034830;
		decal_origin = -2.134068,-10.997258,-2.921286,0x04B0BA52;
	  f far_plane = 1.100000;
	  x guid = 0xA660E3BA;
	  f horizontal_meters = 4.000000;
	  f lod = 1.000000;
	  f near_plane = 0.100000;
		texture = Art\Bitmaps\Decals\b_d_grs01-a.%img%;
	  f vertical_meters = 4.000000;
	}
	[t:decal,n:*]
	{
		decal_orientation = 0.000000,-1.000000,0.000000,0.000000,0.000000,-1.000000,1.000000,0.000000,0.000000;
		decal_origin = -2.141957,-11.000002,-4.451520,0x04B0BA52;
	  f far_plane = 1.100000;
	  x guid = 0xD97AB7F3;
	  f horizontal_meters = 4.000000;
	  f lod = 1.000000;
	  f near_plane = 0.100000;
		texture = Art\Bitmaps\Decals\b_d_grs01-a.%img%;
	  f vertical_meters = 4.000000;
	}
	[t:decal,n:*]
	{
		decal_orientation = 0.912509,-0.408758,-0.015614,0.000000,0.038170,-0.999271,0.409056,0.911844,0.034830;
		decal_origin = -2.572999,-10.980433,-2.635371,0x04B0BA52;
	  f far_plane = 1.100000;
	  x guid = 0xF399CD3F;
	  f horizontal_meters = 4.000000;
	  f lod = 1.000000;
	  f near_plane = 0.100000;
		texture = Art\Bitmaps\Decals\b_d_grs01-a.%img%;
	  f vertical_meters = 4.000000;
	}
	[t:decal,n:*]
	{
		decal_orientation = 0.000000,-1.000000,0.000000,0.000000,0.000000,-1.000000,1.000000,0.000000,0.000000;
		decal_origin = -0.453139,-11.000002,-5.450059,0x04B0BA52;
	  f far_plane = 1.100000;
	  x guid = 0xCCDB5315;
	  f horizontal_meters = 4.000000;
	  f lod = 1.000000;
	  f near_plane = 0.100000;
		texture = Art\Bitmaps\Decals\b_d_grs01-a.%img%;
	  f vertical_meters = 4.000000;
	}
	[t:decal,n:*]
	{
		decal_orientation = 0.000000,0.999385,0.035066,0.000000,0.035066,-0.999385,-1.000000,0.000000,0.000000;
		decal_origin = 0.825975,-10.973913,-5.009382,0x04B0BA52;
	  f far_plane = 1.100000;
	  x guid = 0xB5AEB999;
	  f horizontal_meters = 4.000000;
	  f lod = 1.000000;
	  f near_plane = 0.100000;
		texture = Art\Bitmaps\Decals\b_d_grs01-a.%img%;
	  f vertical_meters = 4.000000;
	}
}
