[decals]
{
	[t:decal,n:*]
	{
		decal_orientation = 0.842271,-0.538847,-0.014920,0.000000,0.027678,-0.999617,0.539054,0.841949,0.023312;
		decal_origin = -2.212543,-10.963157,-0.952573,0x6F08D6DE;
	  f far_plane = 1.100000;
	  x guid = 0x0C44AE39;
	  f horizontal_meters = 4.000000;
	  f lod = 1.000000;
	  f near_plane = 0.100000;
		texture = Art\Bitmaps\Decals\b_d_for01-a.%img%;
	  f vertical_meters = 4.000000;
	}
	[t:decal,n:*]
	{
		decal_orientation = -0.216931,-0.976073,-0.014924,0.000000,0.015288,-0.999883,0.976187,-0.216905,-0.003316;
		decal_origin = -0.645761,-10.989952,-1.188241,0x6F08D6DE;
	  f far_plane = 1.100000;
	  x guid = 0x002F3A56;
	  f horizontal_meters = 4.000000;
	  f lod = 1.000000;
	  f near_plane = 0.100000;
		texture = Art\Bitmaps\Decals\b_d_for01-a.%img%;
	  f vertical_meters = 4.000000;
	}
	[t:decal,n:*]
	{
		decal_orientation = 0.038433,0.999135,0.015871,0.000000,0.015883,-0.999874,-0.999261,0.038428,0.000610;
		decal_origin = 1.602386,-10.974385,-1.008612,0x6F08D6DE;
	  f far_plane = 1.100000;
	  x guid = 0xB0B93A1F;
	  f horizontal_meters = 4.000000;
	  f lod = 1.000000;
	  f near_plane = 0.100000;
		texture = Art\Bitmaps\Decals\b_d_for01-a.%img%;
	  f vertical_meters = 4.000000;
	}
	[t:decal,n:*]
	{
		decal_orientation = 0.038433,0.999135,0.015871,0.000000,0.015883,-0.999874,-0.999261,0.038428,0.000610;
		decal_origin = 2.343590,-10.962423,-0.689324,0x6F08D6DE;
	  f far_plane = 1.100000;
	  x guid = 0x1074E765;
	  f horizontal_meters = 4.000000;
	  f lod = 1.000000;
	  f near_plane = 0.100000;
		texture = Art\Bitmaps\Decals\b_d_for01-a.%img%;
	  f vertical_meters = 4.000000;
	}
}
