[decals]
{
	[t:decal,n:*]
	{
		decal_orientation = -0.216931,-0.976073,-0.014924,0.000000,0.015288,-0.999883,0.976187,-0.216905,-0.003316;
		decal_origin = -2.368437,-10.964045,-1.247224,0x92E4E32D;
	  f far_plane = 1.100000;
	  x guid = 0x16E8B4FA;
	  f horizontal_meters = 4.000000;
	  f lod = 1.000000;
	  f near_plane = 0.100000;
		texture = Art\Bitmaps\Decals\b_d_grs01-a.%img%;
	  f vertical_meters = 4.000000;
	}
	[t:decal,n:*]
	{
		decal_orientation = -0.874791,0.483318,0.033816,0.000000,0.069795,-0.997561,-0.484500,-0.872658,-0.061056;
		decal_origin = 2.248936,-10.961553,-1.370372,0x92E4E32D;
	  f far_plane = 1.100000;
	  x guid = 0x2166ACFA;
	  f horizontal_meters = 4.000000;
	  f lod = 1.000000;
	  f near_plane = 0.100000;
		texture = Art\Bitmaps\Decals\b_d_grs01-a.%img%;
	  f vertical_meters = 4.000000;
	}
	[t:decal,n:*]
	{
		decal_orientation = 0.055470,0.998334,0.015871,0.000000,0.015896,-0.999874,-0.998460,0.055463,0.000882;
		decal_origin = 1.172724,-10.981426,-1.288822,0x92E4E32D;
	  f far_plane = 1.100000;
	  x guid = 0xAD051549;
	  f horizontal_meters = 4.000000;
	  f lod = 1.000000;
	  f near_plane = 0.100000;
		texture = Art\Bitmaps\Decals\b_d_grs01-a.%img%;
	  f vertical_meters = 4.000000;
	}
	[t:decal,n:*]
	{
		decal_orientation = -0.216931,-0.976073,-0.014924,0.000000,0.015288,-0.999883,0.976187,-0.216905,-0.003316;
		decal_origin = -0.589006,-10.990665,-1.228707,0x92E4E32D;
	  f far_plane = 1.100000;
	  x guid = 0xEEF4E019;
	  f horizontal_meters = 4.000000;
	  f lod = 1.000000;
	  f near_plane = 0.100000;
		texture = Art\Bitmaps\Decals\b_d_grs01-a.%img%;
	  f vertical_meters = 4.000000;
	}
	[t:decal,n:*]
	{
		decal_orientation = -0.038433,-0.998649,-0.034972,0.000000,0.034998,-0.999387,0.999261,-0.038410,-0.001345;
		decal_origin = -0.937876,-10.968845,0.592130,0x92E4E32D;
	  f far_plane = 1.100000;
	  x guid = 0xADD3499B;
	  f horizontal_meters = 4.000000;
	  f lod = 1.000000;
	  f near_plane = 0.100000;
		texture = Art\Bitmaps\Decals\b_d_grs01-a.%img%;
	  f vertical_meters = 4.000000;
	}
}
