[decals]
{
	[t:decal,n:*]
	{
		decal_orientation = -0.336336,0.590234,0.733826,0.000000,0.779222,-0.626748,-0.941742,-0.210798,-0.262081;
		decal_origin = -1.120899,2.708805,2.773331,0x7D0ACB20;
	  f far_plane = 1.100000;
	  x guid = 0x3D7BD688;
	  f horizontal_meters = 8.000001;
	  f lod = 1.000000;
	  f near_plane = 0.100000;
		texture = Art\Bitmaps\Decals\b_d_snow-a.%img%;
	  f vertical_meters = 8.000001;
	}
	[t:decal,n:*]
	{
		decal_orientation = -0.345066,0.588240,0.731371,0.000000,0.779232,-0.626735,-0.938579,-0.216265,-0.268886;
		decal_origin = -1.284103,1.015720,-0.271291,0xC39C2497;
	  f far_plane = 1.100000;
	  x guid = 0xD0BD4CBC;
	  f horizontal_meters = 8.000001;
	  f lod = 1.000000;
	  f near_plane = 0.100000;
		texture = Art\Bitmaps\Decals\b_d_snow-a.%img%;
	  f vertical_meters = 8.000001;
	}
	[t:decal,n:*]
	{
		decal_orientation = -0.336336,0.840822,0.424142,0.000000,0.450380,-0.892837,-0.941742,-0.300294,-0.151479;
		decal_origin = -3.682287,-2.074139,3.942259,0xC39C2497;
	  f far_plane = 1.100000;
	  x guid = 0x2C350F0A;
	  f horizontal_meters = 8.000001;
	  f lod = 1.000000;
	  f near_plane = 0.100000;
		texture = Art\Bitmaps\Decals\b_d_snow-a.%img%;
	  f vertical_meters = 8.000001;
	}
	[t:decal,n:*]
	{
		decal_orientation = -0.349591,0.837443,0.420089,0.000000,0.448381,-0.893843,-0.936903,-0.312479,-0.156750;
		decal_origin = -3.528745,-1.411848,0.532036,0xC39C2497;
	  f far_plane = 1.100000;
	  x guid = 0xBD516C2C;
	  f horizontal_meters = 8.000001;
	  f lod = 1.000000;
	  f near_plane = 0.100000;
		texture = Art\Bitmaps\Decals\b_d_snow-a.%img%;
	  f vertical_meters = 8.000001;
	}
	[t:decal,n:*]
	{
		decal_orientation = -0.349591,0.837443,0.420089,0.000000,0.448381,-0.893843,-0.936903,-0.312479,-0.156750;
		decal_origin = -4.871505,-1.825636,-0.706979,0xC39C2497;
	  f far_plane = 1.100000;
	  x guid = 0xE4C651E8;
	  f horizontal_meters = 8.000001;
	  f lod = 1.000000;
	  f near_plane = 0.100000;
		texture = Art\Bitmaps\Decals\b_d_snow-a.%img%;
	  f vertical_meters = 8.000001;
	}
	[t:decal,n:*]
	{
		decal_orientation = -0.349591,0.589378,0.728299,0.000000,0.777348,-0.629071,-0.936903,-0.219917,-0.271754;
		decal_origin = -2.769622,-0.277374,-1.275175,0xC39C2497;
	  f far_plane = 1.100000;
	  x guid = 0x686D7026;
	  f horizontal_meters = 8.000001;
	  f lod = 1.000000;
	  f near_plane = 0.100000;
		texture = Art\Bitmaps\Decals\b_d_snow-a.%img%;
	  f vertical_meters = 8.000001;
	}
	[t:decal,n:*]
	{
		decal_orientation = 0.336884,-0.590277,-0.733541,0.000000,0.779081,-0.626923,0.941546,0.211200,0.262460;
		decal_origin = 2.670555,1.120175,-0.772073,0xC39C2497;
	  f far_plane = 1.100000;
	  x guid = 0x26838F76;
	  f horizontal_meters = 8.000001;
	  f lod = 1.000000;
	  f near_plane = 0.100000;
		texture = Art\Bitmaps\Decals\b_d_snow-a.%img%;
	  f vertical_meters = 8.000001;
	}
	[t:decal,n:*]
	{
		decal_orientation = -0.940036,-0.003526,-0.341057,0.000000,0.999947,-0.010339,0.341075,-0.009719,-0.939986;
		decal_origin = 1.620451,0.136956,3.304925,0xC39C2497;
	  f far_plane = 1.100000;
	  x guid = 0xE3B20FC2;
	  f horizontal_meters = 8.000001;
	  f lod = 1.000000;
	  f near_plane = 0.100000;
		texture = Art\Bitmaps\Decals\b_d_snow-a.%img%;
	  f vertical_meters = 8.000001;
	}
	[t:decal,n:*]
	{
		decal_orientation = 0.000000,-1.000000,0.000000,0.000000,0.000000,-1.000000,1.000000,0.000000,0.000000;
		decal_origin = 1.293729,2.650005,0.743431,0xC39C2497;
	  f far_plane = 1.100000;
	  x guid = 0x61D1A12D;
	  f horizontal_meters = 8.000001;
	  f lod = 1.000000;
	  f near_plane = 0.100000;
		texture = Art\Bitmaps\Decals\b_d_snow-a.%img%;
	  f vertical_meters = 8.000001;
	}
	[t:decal,n:*]
	{
		decal_orientation = -0.343582,0.590759,0.730038,0.000000,0.777362,-0.629054,-0.939123,-0.216131,-0.267087;
		decal_origin = 0.360007,1.932345,2.076473,0xC39C2497;
	  f far_plane = 1.100000;
	  x guid = 0x9EDDAC96;
	  f horizontal_meters = 8.000001;
	  f lod = 1.000000;
	  f near_plane = 0.100000;
		texture = Art\Bitmaps\Decals\b_d_snow-a.%img%;
	  f vertical_meters = 8.000001;
	}
	[t:decal,n:*]
	{
		decal_orientation = 0.336884,-0.590277,-0.733541,0.000000,0.779081,-0.626923,0.941546,0.211200,0.262460;
		decal_origin = 1.968119,1.374275,-2.128343,0xC39C2497;
	  f far_plane = 1.100000;
	  x guid = 0xDA00C7CD;
	  f horizontal_meters = 8.000001;
	  f lod = 1.000000;
	  f near_plane = 0.100000;
		texture = Art\Bitmaps\Decals\b_d_snow-a.%img%;
	  f vertical_meters = 8.000001;
	}
	[t:decal,n:*]
	{
		decal_orientation = 0.000000,-1.000000,0.000000,0.000000,0.000000,-1.000000,1.000000,0.000000,0.000000;
		decal_origin = 0.325655,2.650002,-1.868882,0xC39C2497;
	  f far_plane = 1.100000;
	  x guid = 0xEC9019C2;
	  f horizontal_meters = 8.000001;
	  f lod = 1.000000;
	  f near_plane = 0.100000;
		texture = Art\Bitmaps\Decals\b_d_snow-a.%img%;
	  f vertical_meters = 8.000001;
	}
	[t:decal,n:*]
	{
		decal_orientation = 0.349591,-0.581180,-0.734858,0.000000,0.784348,-0.620320,0.936903,0.216858,0.274201;
		decal_origin = 3.662766,-0.798220,-2.535326,0xC39C2497;
	  f far_plane = 1.100000;
	  x guid = 0x62F1ABB7;
	  f horizontal_meters = 8.000001;
	  f lod = 1.000000;
	  f near_plane = 0.100000;
		texture = Art\Bitmaps\Decals\b_d_snow-a.%img%;
	  f vertical_meters = 8.000001;
	}
	[t:decal,n:*]
	{
		decal_orientation = 0.336336,-0.590235,-0.733826,0.000000,0.779222,-0.626748,0.941742,0.210798,0.262081;
		decal_origin = 5.021682,-1.102321,0.493112,0xC39C2497;
	  f far_plane = 1.100000;
	  x guid = 0x3EE313A1;
	  f horizontal_meters = 8.000001;
	  f lod = 1.000000;
	  f near_plane = 0.100000;
		texture = Art\Bitmaps\Decals\b_d_snow-a.%img%;
	  f vertical_meters = 8.000001;
	}
	[t:decal,n:*]
	{
		decal_orientation = -0.940077,-0.205145,-0.272341,0.000000,0.798746,-0.601668,0.340961,-0.565614,-0.750883;
		decal_origin = 3.341447,-1.629430,2.793361,0xC39C2497;
	  f far_plane = 1.100000;
	  x guid = 0xC139A9E5;
	  f horizontal_meters = 8.000001;
	  f lod = 1.000000;
	  f near_plane = 0.100000;
		texture = Art\Bitmaps\Decals\b_d_snow-a.%img%;
	  f vertical_meters = 8.000001;
	}
	[t:decal,n:*]
	{
		decal_orientation = 0.336336,-0.590235,-0.733826,0.000000,0.779222,-0.626748,0.941742,0.210798,0.262081;
		decal_origin = 3.586857,0.773491,0.961481,0xC39C2497;
	  f far_plane = 1.100000;
	  x guid = 0x05F92741;
	  f horizontal_meters = 8.000001;
	  f lod = 1.000000;
	  f near_plane = 0.100000;
		texture = Art\Bitmaps\Decals\b_d_snow-a.%img%;
	  f vertical_meters = 8.000001;
	}
	[t:decal,n:*]
	{
		decal_orientation = 0.939938,0.159727,0.301669,0.000000,0.883763,-0.467934,-0.341346,0.439829,0.830683;
		decal_origin = -1.329896,-2.088565,-4.181042,0xC39C2497;
	  f far_plane = 1.100000;
	  x guid = 0x619C3AA4;
	  f horizontal_meters = 8.000001;
	  f lod = 1.000000;
	  f near_plane = 0.100000;
		texture = Art\Bitmaps\Decals\b_d_snow-a.%img%;
	  f vertical_meters = 8.000001;
	}
	[t:decal,n:*]
	{
		decal_orientation = 0.940036,0.000608,0.341074,0.000000,0.999998,-0.001783,-0.341075,0.001676,0.940035;
		decal_origin = 0.312494,-0.661341,-4.499700,0xC39C2497;
	  f far_plane = 1.100000;
	  x guid = 0x94A3C0AD;
	  f horizontal_meters = 8.000001;
	  f lod = 1.000000;
	  f near_plane = 0.100000;
		texture = Art\Bitmaps\Decals\b_d_snow-a.%img%;
	  f vertical_meters = 8.000001;
	}
	[t:decal,n:*]
	{
		decal_orientation = 0.939938,0.159727,0.301669,0.000000,0.883763,-0.467934,-0.341346,0.439829,0.830683;
		decal_origin = 1.458728,-2.813442,-5.602085,0xC39C2497;
	  f far_plane = 1.100000;
	  x guid = 0x8CF351D9;
	  f horizontal_meters = 8.000001;
	  f lod = 1.000000;
	  f near_plane = 0.100000;
		texture = Art\Bitmaps\Decals\b_d_snow-a.%img%;
	  f vertical_meters = 8.000001;
	}
	[t:decal,n:*]
	{
		decal_orientation = -0.349591,0.589378,0.728299,0.000000,0.777348,-0.629071,-0.936903,-0.219917,-0.271754;
		decal_origin = -3.593803,-0.918777,-1.999231,0xC39C2497;
	  f far_plane = 1.100000;
	  x guid = 0xC869FDD4;
	  f horizontal_meters = 8.000001;
	  f lod = 1.000000;
	  f near_plane = 0.100000;
		texture = Art\Bitmaps\Decals\b_d_snow-a.%img%;
	  f vertical_meters = 8.000001;
	}
	[t:decal,n:*]
	{
		decal_orientation = 0.940036,0.000608,0.341074,0.000000,0.999998,-0.001783,-0.341075,0.001676,0.940035;
		decal_origin = -2.374459,-0.831061,-3.525108,0xC39C2497;
	  f far_plane = 1.100000;
	  x guid = 0x6F9B1F60;
	  f horizontal_meters = 8.000001;
	  f lod = 1.000000;
	  f near_plane = 0.100000;
		texture = Art\Bitmaps\Decals\b_d_snow-a.%img%;
	  f vertical_meters = 8.000001;
	}
	[t:decal,n:*]
	{
		decal_orientation = 0.939938,0.159727,0.301669,0.000000,0.883763,-0.467934,-0.341346,0.439829,0.830683;
		decal_origin = -4.791282,-2.324825,-3.057107,0xC39C2497;
	  f far_plane = 1.100000;
	  x guid = 0xFF813348;
	  f horizontal_meters = 8.000001;
	  f lod = 1.000000;
	  f near_plane = 0.100000;
		texture = Art\Bitmaps\Decals\b_d_snow-a.%img%;
	  f vertical_meters = 8.000001;
	}
	[t:decal,n:*]
	{
		decal_orientation = -0.940077,-0.205145,-0.272341,0.000000,0.798746,-0.601668,0.340961,-0.565614,-0.750883;
		decal_origin = 0.281020,-2.223173,4.379095,0xC39C2497;
	  f far_plane = 1.100000;
	  x guid = 0xB592D5D4;
	  f horizontal_meters = 8.000001;
	  f lod = 1.000000;
	  f near_plane = 0.100000;
		texture = Art\Bitmaps\Decals\b_d_snow-a.%img%;
	  f vertical_meters = 8.000001;
	}
	[t:decal,n:*]
	{
		decal_orientation = -0.940036,-0.205101,-0.272517,0.000000,0.798996,-0.601337,0.341075,-0.565278,-0.751085;
		decal_origin = 0.306230,-1.369690,3.686636,0xC39C2497;
	  f far_plane = 1.100000;
	  x guid = 0x64CFE1C1;
	  f horizontal_meters = 8.000001;
	  f lod = 1.000000;
	  f near_plane = 0.100000;
		texture = Art\Bitmaps\Decals\b_d_snow-a.%img%;
	  f vertical_meters = 8.000001;
	}
	[t:decal,n:*]
	{
		decal_orientation = 0.347314,-0.004071,0.937740,0.000000,0.999991,0.004341,-0.937749,-0.001508,0.347311;
		decal_origin = -3.768194,-0.634075,2.975914,0x1636A654;
	  f far_plane = 1.100000;
	  x guid = 0xD9595D2D;
	  f horizontal_meters = 8.000001;
	  f lod = 1.000000;
	  f near_plane = 0.100000;
		texture = Art\Bitmaps\Decals\b_d_snow-a.%img%;
	  f vertical_meters = 8.000001;
	}
	[t:decal,n:*]
	{
		decal_orientation = 0.938670,0.000000,0.344817,0.000000,1.000000,0.000000,-0.344817,0.000000,0.938670;
		decal_origin = 3.465690,-1.188793,-5.637427,0x3CF79001;
	  f far_plane = 1.100000;
	  x guid = 0x0E360B73;
	  f horizontal_meters = 8.000001;
	  f lod = 1.000000;
	  f near_plane = 0.100000;
		texture = Art\Bitmaps\Decals\b_d_snow-a.%img%;
	  f vertical_meters = 8.000001;
	}
	[t:decal,n:*]
	{
		decal_orientation = 0.347578,0.000000,-0.937651,0.000000,1.000000,0.000000,0.937651,0.000000,0.347578;
		decal_origin = 5.464438,-1.660851,-4.725317,0x3CF79001;
	  f far_plane = 1.100000;
	  x guid = 0xA4D92D0B;
	  f horizontal_meters = 8.000001;
	  f lod = 1.000000;
	  f near_plane = 0.100000;
		texture = Art\Bitmaps\Decals\b_d_snow-a.%img%;
	  f vertical_meters = 8.000001;
	}
	[t:decal,n:*]
	{
		decal_orientation = 0.961524,0.000000,0.274722,0.000000,1.000000,0.000000,-0.274722,0.000000,0.961524;
		decal_origin = 3.955891,-3.256943,-5.791701,0x3CF79001;
	  f far_plane = 1.100000;
	  x guid = 0xA69F1041;
	  f horizontal_meters = 8.000001;
	  f lod = 1.000000;
	  f near_plane = 0.100000;
		texture = Art\Bitmaps\Decals\b_d_snow-a.%img%;
	  f vertical_meters = 8.000001;
	}
	[t:decal,n:*]
	{
		decal_orientation = 0.346127,-0.278077,-0.896030,0.000000,0.955065,-0.296398,0.938187,0.102592,0.330574;
		decal_origin = 6.468846,-4.039433,-3.077641,0x3CF79001;
	  f far_plane = 1.100000;
	  x guid = 0x1DFEC0BE;
	  f horizontal_meters = 8.000001;
	  f lod = 1.000000;
	  f near_plane = 0.100000;
		texture = Art\Bitmaps\Decals\b_d_snow-a.%img%;
	  f vertical_meters = 8.000001;
	}
	[t:decal,n:*]
	{
		decal_orientation = 0.347578,0.000000,-0.937651,0.000000,1.000000,0.000000,0.937651,0.000000,0.347578;
		decal_origin = 5.854049,-3.710354,-3.674272,0x3CF79001;
	  f far_plane = 1.100000;
	  x guid = 0xA6158F5F;
	  f horizontal_meters = 8.000001;
	  f lod = 1.000000;
	  f near_plane = 0.100000;
		texture = Art\Bitmaps\Decals\b_d_snow-a.%img%;
	  f vertical_meters = 8.000001;
	}
	[t:decal,n:*]
	{
		decal_orientation = 0.347578,0.000000,-0.937651,0.000000,1.000000,0.000000,0.937651,0.000000,0.347578;
		decal_origin = 6.229998,-1.354431,-2.660085,0x3CF79001;
	  f far_plane = 1.100000;
	  x guid = 0x5BDBDE14;
	  f horizontal_meters = 8.000001;
	  f lod = 1.000000;
	  f near_plane = 0.100000;
		texture = Art\Bitmaps\Decals\b_d_snow-a.%img%;
	  f vertical_meters = 8.000001;
	}
	[t:decal,n:*]
	{
		decal_orientation = 0.941742,0.000000,0.336336,0.000000,1.000000,0.000000,-0.336336,0.000000,0.941742;
		decal_origin = -4.299595,3.261620,0.495140,0x3CF79001;
	  f far_plane = 1.100000;
	  x guid = 0x44B46F82;
	  f horizontal_meters = 8.000001;
	  f lod = 1.000000;
	  f near_plane = 0.100000;
		texture = Art\Bitmaps\Decals\b_d_snow-a.%img%;
	  f vertical_meters = 8.000001;
	}
	[t:decal,n:*]
	{
		decal_orientation = 0.000000,-1.000000,0.000000,0.000000,0.000000,-1.000000,1.000000,0.000000,0.000000;
		decal_origin = 0.885862,-4.000000,-5.088814,0xB20A22EF;
	  f far_plane = 1.100000;
	  x guid = 0x7097D2D2;
	  f horizontal_meters = 8.000001;
	  f lod = 1.000000;
	  f near_plane = 0.100000;
		texture = Art\Bitmaps\Decals\b_d_snow-a.%img%;
	  f vertical_meters = 8.000001;
	}
	[t:decal,n:*]
	{
		decal_orientation = 0.000000,-1.000000,0.000000,0.000000,0.000000,-1.000000,1.000000,0.000000,0.000000;
		decal_origin = -1.682721,-4.000000,-5.630316,0xB20A22EF;
	  f far_plane = 1.100000;
	  x guid = 0xC1656578;
	  f horizontal_meters = 8.000001;
	  f lod = 1.000000;
	  f near_plane = 0.100000;
		texture = Art\Bitmaps\Decals\b_d_snow-a.%img%;
	  f vertical_meters = 8.000001;
	}
	[t:decal,n:*]
	{
		decal_orientation = 0.000000,-1.000000,0.000000,0.000000,0.000000,-1.000000,1.000000,0.000000,0.000000;
		decal_origin = -2.937926,-4.000000,-3.992304,0xB20A22EF;
	  f far_plane = 1.100000;
	  x guid = 0xAE825D5B;
	  f horizontal_meters = 8.000001;
	  f lod = 1.000000;
	  f near_plane = 0.100000;
		texture = Art\Bitmaps\Decals\b_d_snow-a.%img%;
	  f vertical_meters = 8.000001;
	}
	[t:decal,n:*]
	{
		decal_orientation = 0.000000,-1.000000,0.000000,0.000000,0.000000,-1.000000,1.000000,0.000000,0.000000;
		decal_origin = -3.764216,-4.000000,-1.287054,0xB20A22EF;
	  f far_plane = 1.100000;
	  x guid = 0x9373A7EC;
	  f horizontal_meters = 8.000001;
	  f lod = 1.000000;
	  f near_plane = 0.100000;
		texture = Art\Bitmaps\Decals\b_d_snow-a.%img%;
	  f vertical_meters = 8.000001;
	}
	[t:decal,n:*]
	{
		decal_orientation = 0.000000,-1.000000,0.000000,0.000000,0.000000,-1.000000,1.000000,0.000000,0.000000;
		decal_origin = -4.546158,-4.000002,1.677536,0xB20A22EF;
	  f far_plane = 1.100000;
	  x guid = 0xFBBAD59D;
	  f horizontal_meters = 8.000001;
	  f lod = 1.000000;
	  f near_plane = 0.100000;
		texture = Art\Bitmaps\Decals\b_d_snow-a.%img%;
	  f vertical_meters = 8.000001;
	}
	[t:decal,n:*]
	{
		decal_orientation = 0.253359,0.000000,0.967372,0.000000,1.000000,0.000000,-0.967372,0.000000,0.253359;
		decal_origin = -4.024457,-0.046211,1.078237,0xB20A22EF;
	  f far_plane = 1.100000;
	  x guid = 0x98882453;
	  f horizontal_meters = 8.000001;
	  f lod = 1.000000;
	  f near_plane = 0.100000;
		texture = Art\Bitmaps\Decals\b_d_snow-a.%img%;
	  f vertical_meters = 8.000001;
	}
	[t:decal,n:*]
	{
		decal_orientation = 0.247833,0.000000,0.968803,0.000000,1.000000,0.000000,-0.968803,0.000000,0.247833;
		decal_origin = -3.161111,-0.371307,-2.023354,0xB20A22EF;
	  f far_plane = 1.100000;
	  x guid = 0xCF663D61;
	  f horizontal_meters = 8.000001;
	  f lod = 1.000000;
	  f near_plane = 0.100000;
		texture = Art\Bitmaps\Decals\b_d_snow-a.%img%;
	  f vertical_meters = 8.000001;
	}
	[t:decal,n:*]
	{
		decal_orientation = -0.962675,0.192290,0.190476,0.000000,0.703747,-0.710451,-0.270659,-0.683933,-0.677480;
		decal_origin = -1.319345,0.698539,2.552670,0x010F2D35;
	  f far_plane = 1.100000;
	  x guid = 0x71077A94;
	  f horizontal_meters = 8.000001;
	  f lod = 1.000000;
	  f near_plane = 0.100000;
		texture = Art\Bitmaps\Decals\b_d_snow-a.%img%;
	  f vertical_meters = 8.000001;
	}
	[t:decal,n:*]
	{
		decal_orientation = -0.945270,0.219625,0.241307,0.000000,0.739551,-0.673100,-0.326289,-0.636262,-0.699076;
		decal_origin = 0.941977,2.618999,1.283980,0x010F2D35;
	  f far_plane = 1.100000;
	  x guid = 0xD8B4E50D;
	  f horizontal_meters = 8.000001;
	  f lod = 1.000000;
	  f near_plane = 0.100000;
		texture = Art\Bitmaps\Decals\b_d_snow-a.%img%;
	  f vertical_meters = 8.000001;
	}
	[t:decal,n:*]
	{
		decal_orientation = 0.955368,-0.210579,-0.207192,0.000000,0.701350,-0.712817,0.295419,0.681002,0.670048;
		decal_origin = 1.580619,1.304635,-1.811577,0x010F2D35;
	  f far_plane = 1.100000;
	  x guid = 0x37B46967;
	  f horizontal_meters = 8.000001;
	  f lod = 1.000000;
	  f near_plane = 0.100000;
		texture = Art\Bitmaps\Decals\b_d_snow-a.%img%;
	  f vertical_meters = 8.000001;
	}
	[t:decal,n:*]
	{
		decal_orientation = 0.965265,-0.182385,-0.187081,0.000000,0.716038,-0.698062,0.261273,0.673814,0.691166;
		decal_origin = -0.616451,2.647645,-0.883644,0x010F2D35;
	  f far_plane = 1.100000;
	  x guid = 0x9E845D75;
	  f horizontal_meters = 8.000001;
	  f lod = 1.000000;
	  f near_plane = 0.100000;
		texture = Art\Bitmaps\Decals\b_d_snow-a.%img%;
	  f vertical_meters = 8.000001;
	}
	[t:decal,n:*]
	{
		decal_orientation = 0.980591,-0.143664,-0.133428,0.000000,0.680523,-0.732727,0.196067,0.718505,0.667314;
		decal_origin = -2.071390,0.825851,-3.171990,0x010F2D35;
	  f far_plane = 1.100000;
	  x guid = 0xBB5F2CA1;
	  f horizontal_meters = 8.000001;
	  f lod = 1.000000;
	  f near_plane = 0.100000;
		texture = Art\Bitmaps\Decals\b_d_snow-a.%img%;
	  f vertical_meters = 8.000001;
	}
	[t:decal,n:*]
	{
		decal_orientation = 0.965265,-0.182385,-0.187081,0.000000,0.716038,-0.698062,0.261273,0.673814,0.691166;
		decal_origin = -2.569676,2.608656,-1.451712,0x010F2D35;
	  f far_plane = 1.100000;
	  x guid = 0x10796866;
	  f horizontal_meters = 8.000001;
	  f lod = 1.000000;
	  f near_plane = 0.100000;
		texture = Art\Bitmaps\Decals\b_d_snow-a.%img%;
	  f vertical_meters = 8.000001;
	}
	[t:decal,n:*]
	{
		decal_orientation = -0.982751,0.131237,0.130298,0.000000,0.704564,-0.709640,-0.184934,-0.697400,-0.692411;
		decal_origin = -3.091329,1.993356,0.891631,0x010F2D35;
	  f far_plane = 1.100000;
	  x guid = 0xBF42AA10;
	  f horizontal_meters = 8.000001;
	  f lod = 1.000000;
	  f near_plane = 0.100000;
		texture = Art\Bitmaps\Decals\b_d_snow-a.%img%;
	  f vertical_meters = 8.000001;
	}
	[t:decal,n:*]
	{
		decal_orientation = -0.964458,0.174015,0.198844,0.000000,0.752526,-0.658562,-0.264235,-0.635156,-0.725780;
		decal_origin = -4.201853,1.179410,1.349115,0x010F2D35;
	  f far_plane = 1.100000;
	  x guid = 0x8106E3CF;
	  f horizontal_meters = 8.000001;
	  f lod = 1.000000;
	  f near_plane = 0.100000;
		texture = Art\Bitmaps\Decals\b_d_snow-a.%img%;
	  f vertical_meters = 8.000001;
	}
	[t:decal,n:*]
	{
		decal_orientation = 0.982771,-0.172390,-0.066655,0.000000,0.360633,-0.932708,0.184827,0.916638,0.354420;
		decal_origin = 3.343311,-0.107312,-3.107057,0x010F2D35;
	  f far_plane = 1.100000;
	  x guid = 0x6F62D45F;
	  f horizontal_meters = 8.000001;
	  f lod = 1.000000;
	  f near_plane = 0.100000;
		texture = Art\Bitmaps\Decals\b_d_snow-a.%img%;
	  f vertical_meters = 8.000001;
	}
	[t:decal,n:*]
	{
		decal_orientation = 0.953173,-0.262237,-0.150642,0.000000,0.498114,-0.867112,0.302425,0.826508,0.474789;
		decal_origin = -1.046100,-0.051895,-4.310150,0x010F2D35;
	  f far_plane = 1.100000;
	  x guid = 0x647AA270;
	  f horizontal_meters = 8.000001;
	  f lod = 1.000000;
	  f near_plane = 0.100000;
		texture = Art\Bitmaps\Decals\b_d_snow-a.%img%;
	  f vertical_meters = 8.000001;
	}
	[t:decal,n:*]
	{
		decal_orientation = -0.964458,0.221461,0.144136,0.000000,0.545483,-0.838122,-0.264235,-0.808334,-0.526095;
		decal_origin = -2.641973,0.158923,3.013589,0x010F2D35;
	  f far_plane = 1.100000;
	  x guid = 0x460E090B;
	  f horizontal_meters = 8.000001;
	  f lod = 1.000000;
	  f near_plane = 0.100000;
		texture = Art\Bitmaps\Decals\b_d_snow-a.%img%;
	  f vertical_meters = 8.000001;
	}
	[t:decal,n:*]
	{
		decal_orientation = -0.968852,0.204929,0.139030,0.000000,0.561420,-0.827531,-0.247639,-0.801755,-0.543933;
		decal_origin = 0.561320,0.048784,3.986221,0x010F2D35;
	  f far_plane = 1.100000;
	  x guid = 0xF61A2DBC;
	  f horizontal_meters = 8.000001;
	  f lod = 1.000000;
	  f near_plane = 0.100000;
		texture = Art\Bitmaps\Decals\b_d_snow-a.%img%;
	  f vertical_meters = 8.000001;
	}
	[t:decal,n:*]
	{
		decal_orientation = 0.940036,0.159887,0.301278,0.000000,0.883318,-0.468774,-0.341075,0.440665,0.830351;
		decal_origin = 1.875881,1.423458,-4.942116,0x6336EDCB;
	  f far_plane = 1.100000;
	  x guid = 0x738CB83C;
	  f horizontal_meters = 4.000000;
	  f lod = 1.000000;
	  f near_plane = 0.100000;
		texture = Art\Bitmaps\Decals\b_d_snow-a.%img%;
	  f vertical_meters = 4.000000;
	}
	[t:decal,n:*]
	{
		decal_orientation = -0.944986,-0.001040,-0.327109,0.000000,0.999995,-0.003180,0.327111,-0.003005,-0.944981;
		decal_origin = -2.835911,2.966693,3.423384,0x6336EDCB;
	  f far_plane = 1.100000;
	  x guid = 0x295D390B;
	  f horizontal_meters = 4.000000;
	  f lod = 1.000000;
	  f near_plane = 0.100000;
		texture = Art\Bitmaps\Decals\b_d_snow-a.%img%;
	  f vertical_meters = 4.000000;
	}
	[t:decal,n:*]
	{
		decal_orientation = -0.336336,0.840822,0.424142,0.000000,0.450380,-0.892837,-0.941742,-0.300294,-0.151479;
		decal_origin = -1.859745,2.308994,2.838924,0x6336EDCB;
	  f far_plane = 1.100000;
	  x guid = 0x30CE2D1A;
	  f horizontal_meters = 4.000000;
	  f lod = 1.000000;
	  f near_plane = 0.100000;
		texture = Art\Bitmaps\Decals\b_d_snow-a.%img%;
	  f vertical_meters = 4.000000;
	}
	[t:decal,n:*]
	{
		decal_orientation = 0.938876,0.000000,0.344255,0.000000,1.000000,0.000000,-0.344255,0.000000,0.938876;
		decal_origin = -4.833388,-1.918526,-2.566192,0x6336EDCB;
	  f far_plane = 1.100000;
	  x guid = 0x61E35F87;
	  f horizontal_meters = 8.000001;
	  f lod = 1.000000;
	  f near_plane = 0.100000;
		texture = Art\Bitmaps\Decals\b_d_snow-a.%img%;
	  f vertical_meters = 8.000001;
	}
	[t:decal,n:*]
	{
		decal_orientation = 0.938343,0.000000,0.345705,0.000000,1.000000,0.000000,-0.345705,0.000000,0.938343;
		decal_origin = -1.315338,-3.023296,-3.860058,0x6336EDCB;
	  f far_plane = 1.100000;
	  x guid = 0xECBFBF1C;
	  f horizontal_meters = 8.000001;
	  f lod = 1.000000;
	  f near_plane = 0.100000;
		texture = Art\Bitmaps\Decals\b_d_snow-a.%img%;
	  f vertical_meters = 8.000001;
	}
	[t:decal,n:*]
	{
		decal_orientation = 0.938670,0.000000,0.344817,0.000000,1.000000,0.000000,-0.344817,0.000000,0.938670;
		decal_origin = 2.795184,-2.881702,-5.341120,0x6336EDCB;
	  f far_plane = 1.100000;
	  x guid = 0x6593C43B;
	  f horizontal_meters = 8.000001;
	  f lod = 1.000000;
	  f near_plane = 0.100000;
		texture = Art\Bitmaps\Decals\b_d_snow-a.%img%;
	  f vertical_meters = 8.000001;
	}
	[t:decal,n:*]
	{
		decal_orientation = 0.000000,0.000000,1.000000,0.000000,1.000000,0.000000,-1.000000,0.000000,0.000000;
		decal_origin = -10.999998,0.049679,3.112448,0xBC12295D;
	  f far_plane = 1.100000;
	  x guid = 0xFFCAC765;
	  f horizontal_meters = 8.000001;
	  f lod = 1.000000;
	  f near_plane = 0.100000;
		texture = Art\Bitmaps\Decals\b_d_snow-a.%img%;
	  f vertical_meters = 8.000001;
	}
	[t:decal,n:*]
	{
		decal_orientation = 0.000000,0.000000,1.000000,0.000000,1.000000,0.000000,-1.000000,0.000000,0.000000;
		decal_origin = -10.999998,0.843758,-0.492201,0xBC12295D;
	  f far_plane = 1.100000;
	  x guid = 0xDE46A895;
	  f horizontal_meters = 8.000001;
	  f lod = 1.000000;
	  f near_plane = 0.100000;
		texture = Art\Bitmaps\Decals\b_d_snow-a.%img%;
	  f vertical_meters = 8.000001;
	}
	[t:decal,n:*]
	{
		decal_orientation = 0.000000,0.000000,1.000000,0.000000,1.000000,0.000000,-1.000000,0.000000,0.000000;
		decal_origin = -11.000000,1.798676,6.097796,0xBC12295D;
	  f far_plane = 1.100000;
	  x guid = 0x0D6FD12D;
	  f horizontal_meters = 8.000001;
	  f lod = 1.000000;
	  f near_plane = 0.100000;
		texture = Art\Bitmaps\Decals\b_d_snow-a.%img%;
	  f vertical_meters = 8.000001;
	}
	[t:decal,n:*]
	{
		decal_orientation = 0.000000,0.000000,1.000000,0.000000,1.000000,0.000000,-1.000000,0.000000,0.000000;
		decal_origin = -11.000000,1.032990,-3.739407,0xBC12295D;
	  f far_plane = 1.100000;
	  x guid = 0x31CBE075;
	  f horizontal_meters = 8.000001;
	  f lod = 1.000000;
	  f near_plane = 0.100000;
		texture = Art\Bitmaps\Decals\b_d_snow-a.%img%;
	  f vertical_meters = 8.000001;
	}
	[t:decal,n:*]
	{
		decal_orientation = -1.000000,0.000000,0.000000,0.000000,1.000000,0.000000,0.000000,0.000000,-1.000000;
		decal_origin = 8.376907,0.983646,10.000000,0xBC12295D;
	  f far_plane = 1.100000;
	  x guid = 0x0DD93AFD;
	  f horizontal_meters = 8.000001;
	  f lod = 1.000000;
	  f near_plane = 0.100000;
		texture = Art\Bitmaps\Decals\b_d_snow-a.%img%;
	  f vertical_meters = 8.000001;
	}
	[t:decal,n:*]
	{
		decal_orientation = -1.000000,0.000000,0.000000,0.000000,1.000000,0.000000,0.000000,0.000000,-1.000000;
		decal_origin = 4.514261,-0.033005,10.000000,0xBC12295D;
	  f far_plane = 1.100000;
	  x guid = 0x1B0E9B87;
	  f horizontal_meters = 8.000001;
	  f lod = 1.000000;
	  f near_plane = 0.100000;
		texture = Art\Bitmaps\Decals\b_d_snow-a.%img%;
	  f vertical_meters = 8.000001;
	}
	[t:decal,n:*]
	{
		decal_orientation = -1.000000,0.000000,0.000000,0.000000,1.000000,0.000000,0.000000,0.000000,-1.000000;
		decal_origin = 0.900867,0.871723,10.000000,0xBC12295D;
	  f far_plane = 1.100000;
	  x guid = 0x0E522AA0;
	  f horizontal_meters = 8.000001;
	  f lod = 1.000000;
	  f near_plane = 0.100000;
		texture = Art\Bitmaps\Decals\b_d_snow-a.%img%;
	  f vertical_meters = 8.000001;
	}
	[t:decal,n:*]
	{
		decal_orientation = -1.000000,0.000000,0.000000,0.000000,1.000000,0.000000,0.000000,0.000000,-1.000000;
		decal_origin = 4.525265,2.792812,10.000000,0xBC12295D;
	  f far_plane = 1.100000;
	  x guid = 0xB8D03A4B;
	  f horizontal_meters = 8.000001;
	  f lod = 1.000000;
	  f near_plane = 0.100000;
		texture = Art\Bitmaps\Decals\b_d_snow-a.%img%;
	  f vertical_meters = 8.000001;
	}
	[t:decal,n:*]
	{
		decal_orientation = -1.000000,0.000000,0.000000,0.000000,1.000000,0.000000,0.000000,0.000000,-1.000000;
		decal_origin = -3.844547,-0.263809,10.000000,0xBC12295D;
	  f far_plane = 1.100000;
	  x guid = 0xA368CA36;
	  f horizontal_meters = 8.000001;
	  f lod = 1.000000;
	  f near_plane = 0.100000;
		texture = Art\Bitmaps\Decals\b_d_snow-a.%img%;
	  f vertical_meters = 8.000001;
	}
	[t:decal,n:*]
	{
		decal_orientation = -1.000000,0.000000,0.000000,0.000000,1.000000,0.000000,0.000000,0.000000,-1.000000;
		decal_origin = -3.179527,2.204178,10.000000,0xBC12295D;
	  f far_plane = 1.100000;
	  x guid = 0x82669038;
	  f horizontal_meters = 8.000001;
	  f lod = 1.000000;
	  f near_plane = 0.100000;
		texture = Art\Bitmaps\Decals\b_d_snow-a.%img%;
	  f vertical_meters = 8.000001;
	}
	[t:decal,n:*]
	{
		decal_orientation = -1.000000,0.000000,0.000000,0.000000,1.000000,0.000000,0.000000,0.000000,-1.000000;
		decal_origin = -6.874926,2.423378,10.000004,0xBC12295D;
	  f far_plane = 1.100000;
	  x guid = 0xA2F4195D;
	  f horizontal_meters = 8.000001;
	  f lod = 1.000000;
	  f near_plane = 0.100000;
		texture = Art\Bitmaps\Decals\b_d_snow-a.%img%;
	  f vertical_meters = 8.000001;
	}
	[t:decal,n:*]
	{
		decal_orientation = -1.000000,0.000000,0.000000,0.000000,1.000000,0.000000,0.000000,0.000000,-1.000000;
		decal_origin = -8.650156,2.381908,10.000000,0xBC12295D;
	  f far_plane = 1.100000;
	  x guid = 0x45AE916D;
	  f horizontal_meters = 8.000001;
	  f lod = 1.000000;
	  f near_plane = 0.100000;
		texture = Art\Bitmaps\Decals\b_d_snow-a.%img%;
	  f vertical_meters = 8.000001;
	}
	[t:decal,n:*]
	{
		decal_orientation = 0.000000,0.000000,1.000000,0.000000,1.000000,0.000000,-1.000000,0.000000,0.000000;
		decal_origin = -11.000000,2.795128,8.992577,0xBC12295D;
	  f far_plane = 1.100000;
	  x guid = 0xDB928314;
	  f horizontal_meters = 8.000001;
	  f lod = 1.000000;
	  f near_plane = 0.100000;
		texture = Art\Bitmaps\Decals\b_d_snow-a.%img%;
	  f vertical_meters = 8.000001;
	}
	[t:decal,n:*]
	{
		decal_orientation = -1.000000,0.000000,0.000000,0.000000,1.000000,0.000000,0.000000,0.000000,-1.000000;
		decal_origin = 11.650665,-2.923583,10.000000,0xBC12295D;
	  f far_plane = 1.100000;
	  x guid = 0x15C13BCC;
	  f horizontal_meters = 8.000001;
	  f lod = 1.000000;
	  f near_plane = 0.100000;
		texture = Art\Bitmaps\Decals\b_d_snow-a.%img%;
	  f vertical_meters = 8.000001;
	}
	[t:decal,n:*]
	{
		decal_orientation = 0.349591,-0.581180,-0.734858,0.000000,0.784348,-0.620320,0.936903,0.216858,0.274201;
		decal_origin = 3.109446,-0.781716,-3.980889,0x0D5643D3;
	  f far_plane = 1.100000;
	  x guid = 0xB31BABD8;
	  f horizontal_meters = 8.000001;
	  f lod = 1.000000;
	  f near_plane = 0.100000;
		texture = Art\Bitmaps\Decals\b_d_snow-a.%img%;
	  f vertical_meters = 8.000001;
	}
	[t:decal,n:*]
	{
		decal_orientation = 0.940036,0.159887,0.301278,0.000000,0.883318,-0.468774,-0.341075,0.440665,0.830351;
		decal_origin = 0.833685,-2.033583,-4.935220,0x0D5643D3;
	  f far_plane = 1.100000;
	  x guid = 0xC51F7571;
	  f horizontal_meters = 8.000001;
	  f lod = 1.000000;
	  f near_plane = 0.100000;
		texture = Art\Bitmaps\Decals\b_d_snow-a.%img%;
	  f vertical_meters = 8.000001;
	}
	[t:decal,n:*]
	{
		decal_orientation = 0.349591,-0.581180,-0.734858,0.000000,0.784348,-0.620320,0.936903,0.216858,0.274201;
		decal_origin = 1.747534,1.212785,-3.118670,0x0D5643D3;
	  f far_plane = 1.100000;
	  x guid = 0x8ED143D0;
	  f horizontal_meters = 8.000001;
	  f lod = 1.000000;
	  f near_plane = 0.100000;
		texture = Art\Bitmaps\Decals\b_d_snow-a.%img%;
	  f vertical_meters = 8.000001;
	}
	[t:decal,n:*]
	{
		decal_orientation = 0.940036,0.000608,0.341074,0.000000,0.999998,-0.001783,-0.341075,0.001676,0.940035;
		decal_origin = -0.135840,-0.418969,-4.336568,0x0D5643D3;
	  f far_plane = 1.100000;
	  x guid = 0x3858A0A0;
	  f horizontal_meters = 8.000001;
	  f lod = 1.000000;
	  f near_plane = 0.100000;
		texture = Art\Bitmaps\Decals\b_d_snow-a.%img%;
	  f vertical_meters = 8.000001;
	}
	[t:decal,n:*]
	{
		decal_orientation = -0.345066,0.588240,0.731371,0.000000,0.779232,-0.626735,-0.938579,-0.216265,-0.268886;
		decal_origin = -1.392444,0.908363,-0.315754,0x0D5643D3;
	  f far_plane = 1.100000;
	  x guid = 0x5F3A5883;
	  f horizontal_meters = 8.000001;
	  f lod = 1.000000;
	  f near_plane = 0.100000;
		texture = Art\Bitmaps\Decals\b_d_snow-a.%img%;
	  f vertical_meters = 8.000001;
	}
	[t:decal,n:*]
	{
		decal_orientation = -0.349591,0.589378,0.728299,0.000000,0.777348,-0.629071,-0.936903,-0.219917,-0.271754;
		decal_origin = -3.097044,-1.102373,-0.242927,0x0D5643D3;
	  f far_plane = 1.100000;
	  x guid = 0xF2556C23;
	  f horizontal_meters = 8.000001;
	  f lod = 1.000000;
	  f near_plane = 0.100000;
		texture = Art\Bitmaps\Decals\b_d_snow-a.%img%;
	  f vertical_meters = 8.000001;
	}
	[t:decal,n:*]
	{
		decal_orientation = -0.349591,0.837443,0.420089,0.000000,0.448381,-0.893843,-0.936903,-0.312479,-0.156750;
		decal_origin = -3.516150,-0.995411,-1.808874,0x0D5643D3;
	  f far_plane = 1.100000;
	  x guid = 0x60AEC309;
	  f horizontal_meters = 8.000001;
	  f lod = 1.000000;
	  f near_plane = 0.100000;
		texture = Art\Bitmaps\Decals\b_d_snow-a.%img%;
	  f vertical_meters = 8.000001;
	}
	[t:decal,n:*]
	{
		decal_orientation = 0.939938,0.159727,0.301669,0.000000,0.883763,-0.467934,-0.341346,0.439829,0.830683;
		decal_origin = -2.989713,-1.784793,-3.407151,0x0D5643D3;
	  f far_plane = 1.100000;
	  x guid = 0x3B68ED75;
	  f horizontal_meters = 8.000001;
	  f lod = 1.000000;
	  f near_plane = 0.100000;
		texture = Art\Bitmaps\Decals\b_d_snow-a.%img%;
	  f vertical_meters = 8.000001;
	}
	[t:decal,n:*]
	{
		decal_orientation = 0.000000,-1.000000,0.000000,0.000000,0.000000,-1.000000,1.000000,0.000000,0.000000;
		decal_origin = 0.577330,2.650003,-1.250457,0x0D5643D3;
	  f far_plane = 1.100000;
	  x guid = 0xC67671E1;
	  f horizontal_meters = 8.000001;
	  f lod = 1.000000;
	  f near_plane = 0.100000;
		texture = Art\Bitmaps\Decals\b_d_snow-a.%img%;
	  f vertical_meters = 8.000001;
	}
	[t:decal,n:*]
	{
		decal_orientation = -0.336336,0.840822,0.424142,0.000000,0.450380,-0.892837,-0.941742,-0.300294,-0.151479;
		decal_origin = -2.065998,-1.011191,2.202709,0x0D5643D3;
	  f far_plane = 1.100000;
	  x guid = 0x5FBAEE5D;
	  f horizontal_meters = 8.000001;
	  f lod = 1.000000;
	  f near_plane = 0.100000;
		texture = Art\Bitmaps\Decals\b_d_snow-a.%img%;
	  f vertical_meters = 8.000001;
	}
	[t:decal,n:*]
	{
		decal_orientation = 0.336884,-0.590277,-0.733541,0.000000,0.779081,-0.626923,0.941546,0.211200,0.262460;
		decal_origin = 2.864379,1.205242,-0.027156,0x0D5643D3;
	  f far_plane = 1.100000;
	  x guid = 0x43CC8933;
	  f horizontal_meters = 8.000001;
	  f lod = 1.000000;
	  f near_plane = 0.100000;
		texture = Art\Bitmaps\Decals\b_d_snow-a.%img%;
	  f vertical_meters = 8.000001;
	}
	[t:decal,n:*]
	{
		decal_orientation = 0.336884,-0.590277,-0.733541,0.000000,0.779081,-0.626923,0.941546,0.211200,0.262460;
		decal_origin = 3.890198,-0.509239,-1.255414,0x0D5643D3;
	  f far_plane = 1.100000;
	  x guid = 0xCF57789B;
	  f horizontal_meters = 8.000001;
	  f lod = 1.000000;
	  f near_plane = 0.100000;
		texture = Art\Bitmaps\Decals\b_d_snow-a.%img%;
	  f vertical_meters = 8.000001;
	}
	[t:decal,n:*]
	{
		decal_orientation = -0.343582,0.590759,0.730038,0.000000,0.777362,-0.629054,-0.939123,-0.216131,-0.267087;
		decal_origin = -0.101036,1.566870,1.677056,0x0D5643D3;
	  f far_plane = 1.100000;
	  x guid = 0x1497B2DE;
	  f horizontal_meters = 8.000001;
	  f lod = 1.000000;
	  f near_plane = 0.100000;
		texture = Art\Bitmaps\Decals\b_d_snow-a.%img%;
	  f vertical_meters = 8.000001;
	}
	[t:decal,n:*]
	{
		decal_orientation = 0.000000,-1.000000,0.000000,0.000000,0.000000,-1.000000,1.000000,0.000000,0.000000;
		decal_origin = 1.415322,2.650002,1.426907,0x0D5643D3;
	  f far_plane = 1.100000;
	  x guid = 0x59273BDB;
	  f horizontal_meters = 8.000001;
	  f lod = 1.000000;
	  f near_plane = 0.100000;
		texture = Art\Bitmaps\Decals\b_d_snow-a.%img%;
	  f vertical_meters = 8.000001;
	}
	[t:decal,n:*]
	{
		decal_orientation = -0.940036,-0.003526,-0.341057,0.000000,0.999947,-0.010339,0.341075,-0.009719,-0.939986;
		decal_origin = 1.531684,0.330909,3.334999,0x0D5643D3;
	  f far_plane = 1.100000;
	  x guid = 0xE4CD7B0D;
	  f horizontal_meters = 8.000001;
	  f lod = 1.000000;
	  f near_plane = 0.100000;
		texture = Art\Bitmaps\Decals\b_d_snow-a.%img%;
	  f vertical_meters = 8.000001;
	}
	[t:decal,n:*]
	{
		decal_orientation = -0.940077,-0.205145,-0.272341,0.000000,0.798746,-0.601668,0.340961,-0.565614,-0.750883;
		decal_origin = 3.309562,-2.153106,3.224540,0x0D5643D3;
	  f far_plane = 1.100000;
	  x guid = 0xA19B6FCD;
	  f horizontal_meters = 8.000001;
	  f lod = 1.000000;
	  f near_plane = 0.100000;
		texture = Art\Bitmaps\Decals\b_d_snow-a.%img%;
	  f vertical_meters = 8.000001;
	}
	[t:decal,n:*]
	{
		decal_orientation = -0.940077,-0.205145,-0.272341,0.000000,0.798746,-0.601668,0.340961,-0.565614,-0.750883;
		decal_origin = 0.627430,-2.265674,4.287530,0x0D5643D3;
	  f far_plane = 1.100000;
	  x guid = 0x2D2A2E9A;
	  f horizontal_meters = 8.000001;
	  f lod = 1.000000;
	  f near_plane = 0.100000;
		texture = Art\Bitmaps\Decals\b_d_snow-a.%img%;
	  f vertical_meters = 8.000001;
	}
	[t:decal,n:*]
	{
		decal_orientation = 0.938670,0.000000,0.344817,0.000000,1.000000,0.000000,-0.344817,0.000000,0.938670;
		decal_origin = 3.573585,-1.335258,-5.627064,0x0E756D80;
	  f far_plane = 1.100000;
	  x guid = 0x4E99F32F;
	  f horizontal_meters = 8.000001;
	  f lod = 1.000000;
	  f near_plane = 0.100000;
		texture = Art\Bitmaps\Decals\b_d_snow-a.%img%;
	  f vertical_meters = 8.000001;
	}
	[t:decal,n:*]
	{
		decal_orientation = 0.343193,-0.332130,-0.878583,0.000000,0.935395,-0.353606,0.939265,0.121355,0.321021;
		decal_origin = 6.487957,-4.085548,-3.094701,0x0E756D80;
	  f far_plane = 1.100000;
	  x guid = 0x1725B00B;
	  f horizontal_meters = 8.000001;
	  f lod = 1.000000;
	  f near_plane = 0.100000;
		texture = Art\Bitmaps\Decals\b_d_snow-a.%img%;
	  f vertical_meters = 8.000001;
	}
	[t:decal,n:*]
	{
		decal_orientation = 0.337865,0.000000,-0.941195,0.000000,1.000000,0.000000,0.941195,0.000000,0.337865;
		decal_origin = 5.482759,-2.004959,-4.672078,0x0E756D80;
	  f far_plane = 1.100000;
	  x guid = 0x7BE22A08;
	  f horizontal_meters = 8.000001;
	  f lod = 1.000000;
	  f near_plane = 0.100000;
		texture = Art\Bitmaps\Decals\b_d_snow-a.%img%;
	  f vertical_meters = 8.000001;
	}
	[t:decal,n:*]
	{
		decal_orientation = 0.337865,0.000000,-0.941195,0.000000,1.000000,0.000000,0.941195,0.000000,0.337865;
		decal_origin = 6.343085,-2.155270,-2.275458,0x0E756D80;
	  f far_plane = 1.100000;
	  x guid = 0x43140443;
	  f horizontal_meters = 8.000001;
	  f lod = 1.000000;
	  f near_plane = 0.100000;
		texture = Art\Bitmaps\Decals\b_d_snow-a.%img%;
	  f vertical_meters = 8.000001;
	}
	[t:decal,n:*]
	{
		decal_orientation = 0.937566,0.201491,0.283497,0.000000,0.815100,-0.579320,-0.347807,0.543151,0.764210;
		decal_origin = 3.581945,-3.209697,-5.538232,0x0E756D80;
	  f far_plane = 1.100000;
	  x guid = 0x52102DC4;
	  f horizontal_meters = 8.000001;
	  f lod = 1.000000;
	  f near_plane = 0.100000;
		texture = Art\Bitmaps\Decals\b_d_snow-a.%img%;
	  f vertical_meters = 8.000001;
	}
	[t:decal,n:*]
	{
		decal_orientation = 0.336336,-0.653653,-0.677949,0.000000,0.719888,-0.694090,0.941742,0.233448,0.242125;
		decal_origin = 5.235402,-3.237864,-5.319530,0x0E756D80;
	  f far_plane = 1.100000;
	  x guid = 0xF28D2CC6;
	  f horizontal_meters = 8.000001;
	  f lod = 1.000000;
	  f near_plane = 0.100000;
		texture = Art\Bitmaps\Decals\b_d_snow-a.%img%;
	  f vertical_meters = 8.000001;
	}
	[t:decal,n:*]
	{
		decal_orientation = 0.960824,-0.274782,-0.036236,0.000000,0.130740,-0.991417,0.277161,0.952577,0.125618;
		decal_origin = 3.470244,-3.593418,-5.197680,0x0E756D80;
	  f far_plane = 1.100000;
	  x guid = 0xB63865E1;
	  f horizontal_meters = 8.000001;
	  f lod = 1.000000;
	  f near_plane = 0.100000;
		texture = Art\Bitmaps\Decals\b_d_snow-a.%img%;
	  f vertical_meters = 8.000001;
	}
	[t:decal,n:*]
	{
		decal_orientation = 0.507020,-0.114475,-0.854299,0.000000,0.991141,-0.132812,0.861934,0.067338,0.502528;
		decal_origin = 5.428555,-3.991035,-5.657235,0x0E756D80;
	  f far_plane = 1.100000;
	  x guid = 0x6443A2F8;
	  f horizontal_meters = 8.000001;
	  f lod = 1.000000;
	  f near_plane = 0.100000;
		texture = Art\Bitmaps\Decals\b_d_snow-a.%img%;
	  f vertical_meters = 8.000001;
	}
	[t:decal,n:*]
	{
		decal_orientation = -0.349591,0.589378,0.728299,0.000000,0.777348,-0.629071,-0.936903,-0.219917,-0.271754;
		decal_origin = -3.354925,-1.171825,-0.773268,0xED8A8DF3;
	  f far_plane = 1.100000;
	  x guid = 0x2197DC87;
	  f horizontal_meters = 8.000001;
	  f lod = 1.000000;
	  f near_plane = 0.100000;
		texture = Art\Bitmaps\Decals\b_d_snow-a.%img%;
	  f vertical_meters = 8.000001;
	}
	[t:decal,n:*]
	{
		decal_orientation = 0.349591,-0.581180,-0.734858,0.000000,0.784348,-0.620320,0.936903,0.216858,0.274201;
		decal_origin = 3.344442,-0.403552,-2.495591,0xED8A8DF3;
	  f far_plane = 1.100000;
	  x guid = 0x6BF5A838;
	  f horizontal_meters = 8.000001;
	  f lod = 1.000000;
	  f near_plane = 0.100000;
		texture = Art\Bitmaps\Decals\b_d_snow-a.%img%;
	  f vertical_meters = 8.000001;
	}
	[t:decal,n:*]
	{
		decal_orientation = -0.345066,0.588240,0.731371,0.000000,0.779232,-0.626735,-0.938579,-0.216265,-0.268886;
		decal_origin = -0.268030,1.864513,0.514003,0xED8A8DF3;
	  f far_plane = 1.100000;
	  x guid = 0x3470E7C4;
	  f horizontal_meters = 8.000001;
	  f lod = 1.000000;
	  f near_plane = 0.100000;
		texture = Art\Bitmaps\Decals\b_d_snow-a.%img%;
	  f vertical_meters = 8.000001;
	}
	[t:decal,n:*]
	{
