[decals]
{
	[t:decal,n:*]
	{
		decal_orientation = -0.072973,-0.992786,-0.095135,0.000000,0.095389,-0.995440,0.997334,-0.072641,-0.006961;
		decal_origin = -1.331708,-4.885854,2.748966,0xF82A347E;
	  f far_plane = 1.100000;
	  x guid = 0xDCAA0597;
	  f horizontal_meters = 4.000000;
	  f lod = 1.000000;
	  f near_plane = 0.100000;
		texture = art\bitmaps\decals\b_d_for01-a.raw;
	  f vertical_meters = 4.000000;
	}
	[t:decal,n:*]
	{
		decal_orientation = 0.381486,0.917256,0.114496,0.000000,0.123863,-0.992299,-0.924375,0.378548,0.047252;
		decal_origin = 0.516577,-4.954441,2.592087,0xF82A347E;
	  f far_plane = 1.100000;
	  x guid = 0x767D338D;
	  f horizontal_meters = 4.000000;
	  f lod = 1.000000;
	  f near_plane = 0.100000;
		texture = art\bitmaps\decals\b_d_for01-a.raw;
	  f vertical_meters = 4.000000;
	}
	[t:decal,n:*]
	{
		decal_orientation = -0.084800,0.995666,0.038183,0.000000,0.038321,-0.999265,-0.996398,-0.084738,-0.003250;
		decal_origin = 2.173182,-4.815902,3.050693,0xF82A347E;
	  f far_plane = 1.100000;
	  x guid = 0x7D541BCD;
	  f horizontal_meters = 4.000000;
	  f lod = 1.000000;
	  f near_plane = 0.100000;
		texture = art\bitmaps\decals\b_d_for01-a.raw;
	  f vertical_meters = 4.000000;
	}
	[t:decal,n:*]
	{
		decal_orientation = 0.480313,0.872818,0.086532,0.000000,0.098657,-0.995121,-0.877097,0.477970,0.047386;
		decal_origin = 1.615510,-4.858604,2.190263,0xF82A347E;
	  f far_plane = 1.100000;
	  x guid = 0x7F92B26D;
	  f horizontal_meters = 4.000000;
	  f lod = 1.000000;
	  f near_plane = 0.100000;
		texture = art\bitmaps\decals\b_d_for01-a.raw;
	  f vertical_meters = 4.000000;
	}
	[t:decal,n:*]
	{
		decal_orientation = -0.430731,-0.896991,-0.099392,0.000000,0.110132,-0.993917,0.902481,-0.428111,-0.047437;
		decal_origin = -1.945336,-4.891175,4.400203,0xF82A347E;
	  f far_plane = 1.100000;
	  x guid = 0xD0605B33;
	  f horizontal_meters = 4.000000;
	  f lod = 1.000000;
	  f near_plane = 0.100000;
		texture = art\bitmaps\decals\b_d_for01-a.raw;
	  f vertical_meters = 4.000000;
	}
	[t:decal,n:*]
	{
		decal_orientation = -0.970142,0.234863,0.060523,0.000000,0.249542,-0.968364,-0.242536,-0.939451,-0.242091;
		decal_origin = -2.656729,-4.950667,5.769167,0xF82A347E;
	  f far_plane = 1.100000;
	  x guid = 0xAD895151;
	  f horizontal_meters = 4.000000;
	  f lod = 1.000000;
	  f near_plane = 0.100000;
		texture = art\bitmaps\decals\b_d_for01-a.raw;
	  f vertical_meters = 4.000000;
	}
}
