[decals]
{
	[t:decal,n:*]
	{
		decal_orientation = 0.693642,0.716248,0.076488,0.000000,0.106187,-0.994346,-0.720320,0.689720,0.073656;
		decal_origin = 0.418170,-5.005085,1.420428,0xA64DD6FE;
	  f far_plane = 1.100000;
	  x guid = 0x92624950;
	  f horizontal_meters = 4.000000;
	  f lod = 1.000000;
	  f near_plane = 0.100000;
		texture = Art\Bitmaps\Decals\b_d_lakeshore-gravel-a.%img%;
	  f vertical_meters = 4.000000;
	}
	[t:decal,n:*]
	{
		decal_orientation = -0.009260,-0.996030,-0.088540,0.000000,0.088544,-0.996072,0.999957,-0.009224,-0.000820;
		decal_origin = -1.415791,-4.871047,1.667608,0xA64DD6FE;
	  f far_plane = 1.100000;
	  x guid = 0x62FAD4F8;
	  f horizontal_meters = 4.000000;
	  f lod = 1.000000;
	  f near_plane = 0.100000;
		texture = Art\Bitmaps\Decals\b_d_lakeshore-gravel-a.%img%;
	  f vertical_meters = 4.000000;
	}
	[t:decal,n:*]
	{
		decal_orientation = -0.115877,-0.989367,-0.087889,0.000000,0.088485,-0.996077,0.993264,-0.115423,-0.010253;
		decal_origin = -0.739560,-4.931741,2.090662,0xC9696F7B;
	  f far_plane = 1.100000;
	  x guid = 0xC1915EB5;
	  f horizontal_meters = 4.000000;
	  f lod = 1.000000;
	  f near_plane = 0.100000;
		texture = Art\Bitmaps\Decals\b_d_lakeshore-gravel-a.%img%;
	  f vertical_meters = 4.000000;
	}
	[t:decal,n:*]
	{
		decal_orientation = 0.480313,0.872818,0.086532,0.000000,0.098657,-0.995121,-0.877097,0.477970,0.047386;
		decal_origin = 1.609286,-4.867517,2.014404,0xC9696F7B;
	  f far_plane = 1.100000;
	  x guid = 0x558B9F71;
	  f horizontal_meters = 4.000000;
	  f lod = 1.000000;
	  f near_plane = 0.100000;
		texture = Art\Bitmaps\Decals\b_d_lakeshore-gravel-a.%img%;
	  f vertical_meters = 4.000000;
	}
}
