[decals]
{
	[t:decal,n:*]
	{
		decal_orientation = -0.114624,0.992744,0.036339,0.000000,0.036581,-0.999331,-0.993409,-0.114547,-0.004193;
		decal_origin = 2.595398,-10.910895,-2.750157,0x4FF007D6;
	  f far_plane = 1.100000;
	  x guid = 0xBA31B535;
	  f horizontal_meters = 4.000000;
	  f lod = 1.000000;
	  f near_plane = 0.100000;
		texture = Art\Bitmaps\Decals\b_d_lc01-a.%img%;
	  f vertical_meters = 4.000000;
	}
	[t:decal,n:*]
	{
		decal_orientation = 0.038433,0.998687,0.033879,0.000000,0.033904,-0.999425,-0.999261,0.038411,0.001303;
		decal_origin = 0.777630,-10.975146,-2.296341,0x4FF007D6;
	  f far_plane = 1.100000;
	  x guid = 0x0184432F;
	  f horizontal_meters = 4.000000;
	  f lod = 1.000000;
	  f near_plane = 0.100000;
		texture = Art\Bitmaps\Decals\b_d_lc01-a.%img%;
	  f vertical_meters = 4.000000;
	}
	[t:decal,n:*]
	{
		decal_orientation = 0.912509,-0.408758,-0.015614,0.000000,0.038170,-0.999271,0.409056,0.911844,0.034830;
		decal_origin = -0.959255,-10.988083,-2.131435,0x4FF007D6;
	  f far_plane = 1.100000;
	  x guid = 0x7E0F8D2D;
	  f horizontal_meters = 4.000000;
	  f lod = 1.000000;
	  f near_plane = 0.100000;
		texture = Art\Bitmaps\Decals\b_d_lc01-a.%img%;
	  f vertical_meters = 4.000000;
	}
	[t:decal,n:*]
	{
		decal_orientation = 0.912509,-0.408758,-0.015614,0.000000,0.038170,-0.999271,0.409056,0.911844,0.034830;
		decal_origin = -2.306986,-10.990139,-2.794564,0x4FF007D6;
	  f far_plane = 1.100000;
	  x guid = 0x9B1139AF;
	  f horizontal_meters = 4.000000;
	  f lod = 1.000000;
	  f near_plane = 0.100000;
		texture = Art\Bitmaps\Decals\b_d_lc01-a.%img%;
	  f vertical_meters = 4.000000;
	}
	[t:decal,n:*]
	{
		decal_orientation = 0.000000,0.999385,0.035066,0.000000,0.035066,-0.999385,-1.000000,0.000000,0.000000;
		decal_origin = 1.275863,-10.958127,-4.658339,0x4FF007D6;
	  f far_plane = 1.100000;
	  x guid = 0x1E579D3E;
	  f horizontal_meters = 4.000000;
	  f lod = 1.000000;
	  f near_plane = 0.100000;
		texture = Art\Bitmaps\Decals\b_d_lc01-a.%img%;
	  f vertical_meters = 4.000000;
	}
}
