[decals]
{
	[t:decal,n:*]
	{
		decal_orientation = -0.072973,-0.992786,-0.095135,0.000000,0.095389,-0.995440,0.997334,-0.072641,-0.006961;
		decal_origin = -1.671088,-4.851006,2.403724,0x0D693D7A;
	  f far_plane = 1.100000;
	  x guid = 0xDC273B92;
	  f horizontal_meters = 4.000000;
	  f lod = 1.000000;
	  f near_plane = 0.100000;
		texture = Art\Bitmaps\Decals\b_d_for01-a.%img%;
	  f vertical_meters = 4.000000;
	}
	[t:decal,n:*]
	{
		decal_orientation = 0.000000,-0.996815,-0.079746,0.000000,0.079746,-0.996815,1.000000,0.000000,0.000000;
		decal_origin = -0.076523,-4.990683,2.441296,0x0D693D7A;
	  f far_plane = 1.100000;
	  x guid = 0xB02E17B5;
	  f horizontal_meters = 4.000000;
	  f lod = 1.000000;
	  f near_plane = 0.100000;
		texture = Art\Bitmaps\Decals\b_d_for01-a.%img%;
	  f vertical_meters = 4.000000;
	}
	[t:decal,n:*]
	{
		decal_orientation = 0.480313,0.872818,0.086532,0.000000,0.098657,-0.995121,-0.877097,0.477970,0.047386;
		decal_origin = 1.491766,-4.853127,2.531191,0x0D693D7A;
	  f far_plane = 1.100000;
	  x guid = 0x7EF7581B;
	  f horizontal_meters = 4.000000;
	  f lod = 1.000000;
	  f near_plane = 0.100000;
		texture = Art\Bitmaps\Decals\b_d_for01-a.%img%;
	  f vertical_meters = 4.000000;
	}
	[t:decal,n:*]
	{
		decal_orientation = 0.480313,0.872818,0.086532,0.000000,0.098657,-0.995121,-0.877097,0.477970,0.047386;
		decal_origin = 2.001347,-4.823061,2.232065,0x0D693D7A;
	  f far_plane = 1.100000;
	  x guid = 0xE5D10ED7;
	  f horizontal_meters = 4.000000;
	  f lod = 1.000000;
	  f near_plane = 0.100000;
		texture = Art\Bitmaps\Decals\b_d_for01-a.%img%;
	  f vertical_meters = 4.000000;
	}
	[t:decal,n:*]
	{
		decal_orientation = -0.322263,0.944209,0.067940,0.000000,0.071769,-0.997421,-0.946650,-0.321432,-0.023129;
		decal_origin = 1.884998,-4.838743,4.394435,0x0D693D7A;
	  f far_plane = 1.100000;
	  x guid = 0xED705A21;
	  f horizontal_meters = 4.000000;
	  f lod = 1.000000;
	  f near_plane = 0.100000;
		texture = Art\Bitmaps\Decals\b_d_for01-a.%img%;
	  f vertical_meters = 4.000000;
	}
	[t:decal,n:*]
	{
		decal_orientation = 0.000000,0.993409,0.114624,0.000000,0.114624,-0.993409,-1.000000,0.000000,0.000000;
		decal_origin = 0.231163,-4.966694,3.804307,0x0D693D7A;
	  f far_plane = 1.100000;
	  x guid = 0x502D74C5;
	  f horizontal_meters = 4.000000;
	  f lod = 1.000000;
	  f near_plane = 0.100000;
		texture = Art\Bitmaps\Decals\b_d_for01-a.%img%;
	  f vertical_meters = 4.000000;
	}
	[t:decal,n:*]
	{
		decal_orientation = -0.322263,0.944209,0.067940,0.000000,0.071769,-0.997421,-0.946650,-0.321432,-0.023129;
		decal_origin = 0.746950,-4.934302,5.172366,0x0D693D7A;
	  f far_plane = 1.100000;
	  x guid = 0x4C811DDD;
	  f horizontal_meters = 4.000000;
	  f lod = 1.000000;
	  f near_plane = 0.100000;
		texture = Art\Bitmaps\Decals\b_d_for01-a.%img%;
	  f vertical_meters = 4.000000;
	}
}
