[decals]
{
	[t:decal,n:*]
	{
		decal_orientation = -0.072973,-0.992786,-0.095135,0.000000,0.095389,-0.995440,0.997334,-0.072641,-0.006961;
		decal_origin = -1.666356,-4.853587,2.708255,0x4362F1E5;
	  f far_plane = 1.100000;
	  x guid = 0x6D66972F;
	  f horizontal_meters = 4.000000;
	  f lod = 1.000000;
	  f near_plane = 0.100000;
		texture = Art\Bitmaps\Decals\b_d_for01-a.%img%;
	  f vertical_meters = 4.000000;
	}
	[t:decal,n:*]
	{
		decal_orientation = 0.000000,-0.996815,-0.079746,0.000000,0.079746,-0.996815,1.000000,0.000000,0.000000;
		decal_origin = -0.314705,-4.971629,2.608804,0x4362F1E5;
	  f far_plane = 1.100000;
	  x guid = 0x66679505;
	  f horizontal_meters = 4.000000;
	  f lod = 1.000000;
	  f near_plane = 0.100000;
		texture = Art\Bitmaps\Decals\b_d_for01-a.%img%;
	  f vertical_meters = 4.000000;
	}
	[t:decal,n:*]
	{
		decal_orientation = 0.480313,0.872818,0.086532,0.000000,0.098657,-0.995121,-0.877097,0.477970,0.047386;
		decal_origin = 1.278412,-4.871835,2.527943,0x4362F1E5;
	  f far_plane = 1.100000;
	  x guid = 0x56CC8B06;
	  f horizontal_meters = 4.000000;
	  f lod = 1.000000;
	  f near_plane = 0.100000;
		texture = Art\Bitmaps\Decals\b_d_for01-a.%img%;
	  f vertical_meters = 4.000000;
	}
	[t:decal,n:*]
	{
		decal_orientation = -0.084800,0.995666,0.038183,0.000000,0.038321,-0.999265,-0.996398,-0.084738,-0.003250;
		decal_origin = 2.264865,-4.814426,3.674366,0x4362F1E5;
	  f far_plane = 1.100000;
	  x guid = 0xBBA94F73;
	  f horizontal_meters = 4.000000;
	  f lod = 1.000000;
	  f near_plane = 0.100000;
		texture = Art\Bitmaps\Decals\b_d_for01-a.%img%;
	  f vertical_meters = 4.000000;
	}
	[t:decal,n:*]
	{
		decal_orientation = 0.480313,0.872818,0.086532,0.000000,0.098657,-0.995121,-0.877097,0.477970,0.047386;
		decal_origin = 1.630526,-4.851576,2.310391,0x4362F1E5;
	  f far_plane = 1.100000;
	  x guid = 0x0A9BB202;
	  f horizontal_meters = 4.000000;
	  f lod = 1.000000;
	  f near_plane = 0.100000;
		texture = Art\Bitmaps\Decals\b_d_for01-a.%img%;
	  f vertical_meters = 4.000000;
	}
}
