[decals]
{
	[t:decal,n:*]
	{
		decal_orientation = -0.216931,-0.976073,-0.014924,0.000000,0.015288,-0.999883,0.976187,-0.216905,-0.003316;
		decal_origin = -2.510131,-10.961529,-1.368930,0x84D4661B;
	  f far_plane = 1.100000;
	  x guid = 0xB9F823FD;
	  f horizontal_meters = 4.000000;
	  f lod = 1.000000;
	  f near_plane = 0.100000;
		texture = Art\Bitmaps\Decals\b_d_for01-a.%img%;
	  f vertical_meters = 4.000000;
	}
	[t:decal,n:*]
	{
		decal_orientation = -0.216931,-0.976073,-0.014924,0.000000,0.015288,-0.999883,0.976187,-0.216905,-0.003316;
		decal_origin = -1.161292,-10.982018,-1.260689,0x84D4661B;
	  f far_plane = 1.100000;
	  x guid = 0x5CD0F1EB;
	  f horizontal_meters = 4.000000;
	  f lod = 1.000000;
	  f near_plane = 0.100000;
		texture = Art\Bitmaps\Decals\b_d_for01-a.%img%;
	  f vertical_meters = 4.000000;
	}
	[t:decal,n:*]
	{
		decal_orientation = 0.055470,0.998334,0.015871,0.000000,0.015896,-0.999874,-0.998460,0.055463,0.000882;
		decal_origin = 0.567549,-10.990887,-1.122766,0x84D4661B;
	  f far_plane = 1.100000;
	  x guid = 0x27A2D58F;
	  f horizontal_meters = 4.000000;
	  f lod = 1.000000;
	  f near_plane = 0.100000;
		texture = Art\Bitmaps\Decals\b_d_for01-a.%img%;
	  f vertical_meters = 4.000000;
	}
	[t:decal,n:*]
	{
		decal_orientation = 0.055470,0.998334,0.015871,0.000000,0.015896,-0.999874,-0.998460,0.055463,0.000882;
		decal_origin = 2.682044,-10.957365,-1.172435,0x84D4661B;
	  f far_plane = 1.100000;
	  x guid = 0xDB2ABBE3;
	  f horizontal_meters = 4.000000;
	  f lod = 1.000000;
	  f near_plane = 0.100000;
		texture = Art\Bitmaps\Decals\b_d_for01-a.%img%;
	  f vertical_meters = 4.000000;
	}
	[t:decal,n:*]
	{
		decal_orientation = -0.995197,0.097874,0.001684,0.000000,0.017205,-0.999852,-0.097888,-0.995050,-0.017123;
		decal_origin = 2.389325,-10.985368,0.899127,0x84D4661B;
	  f far_plane = 1.100000;
	  x guid = 0x80F88F94;
	  f horizontal_meters = 4.000000;
	  f lod = 1.000000;
	  f near_plane = 0.100000;
		texture = Art\Bitmaps\Decals\b_d_for01-a.%img%;
	  f vertical_meters = 4.000000;
	}
	[t:decal,n:*]
	{
		decal_orientation = -0.995197,0.097874,0.001684,0.000000,0.017205,-0.999852,-0.097888,-0.995050,-0.017123;
		decal_origin = 0.693800,-10.991763,1.105656,0x84D4661B;
	  f far_plane = 1.100000;
	  x guid = 0xB4A2D1DC;
	  f horizontal_meters = 4.000000;
	  f lod = 1.000000;
	  f near_plane = 0.100000;
		texture = Art\Bitmaps\Decals\b_d_for01-a.%img%;
	  f vertical_meters = 4.000000;
	}
	[t:decal,n:*]
	{
		decal_orientation = -0.038433,-0.998649,-0.034972,0.000000,0.034998,-0.999387,0.999261,-0.038410,-0.001345;
		decal_origin = -0.500126,-10.984412,0.776639,0x84D4661B;
	  f far_plane = 1.100000;
	  x guid = 0xABCA4068;
	  f horizontal_meters = 4.000000;
	  f lod = 1.000000;
	  f near_plane = 0.100000;
		texture = Art\Bitmaps\Decals\b_d_for01-a.%img%;
	  f vertical_meters = 4.000000;
	}
	[t:decal,n:*]
	{
		decal_orientation = 0.000000,-1.000000,0.000000,0.000000,0.000000,-1.000000,1.000000,0.000000,0.000000;
		decal_origin = -3.893660,1.000000,1.182708,0x4AE91C8B;
	  f far_plane = 1.100000;
	  x guid = 0x051A1324;
	  f horizontal_meters = 4.000000;
	  f lod = 1.000000;
	  f near_plane = 0.100000;
		texture = Art\Bitmaps\Decals\b_d_for01-a.%img%;
	  f vertical_meters = 4.000000;
	}
	[t:decal,n:*]
	{
		decal_orientation = 0.000000,-1.000000,0.000000,0.000000,0.000000,-1.000000,1.000000,0.000000,0.000000;
		decal_origin = -3.512680,1.000000,-0.314772,0x4AE91C8B;
	  f far_plane = 1.100000;
	  x guid = 0x0786BE26;
	  f horizontal_meters = 4.000000;
	  f lod = 1.000000;
	  f near_plane = 0.100000;
		texture = Art\Bitmaps\Decals\b_d_for01-a.%img%;
	  f vertical_meters = 4.000000;
	}
}
