[decals]
{
	[t:decal,n:*]
	{
		decal_orientation = 0.000000,1.000000,0.000000,0.000000,0.000000,-1.000000,-1.000000,0.000000,0.000000;
		decal_origin = -1.993150,-11.000001,-0.976763,0xDA6FEC2D;
	  f far_plane = 1.100000;
	  x guid = 0xFCBCEAA9;
	  f horizontal_meters = 4.000000;
	  f lod = 1.000000;
	  f near_plane = 0.100000;
		texture = Art\Bitmaps\Decals\b_d_for01-b.%img%;
	  f vertical_meters = 4.000000;
	}
	[t:decal,n:*]
	{
		decal_orientation = -0.874791,0.483318,0.033816,0.000000,0.069795,-0.997561,-0.484500,-0.872658,-0.061056;
		decal_origin = 1.119094,-10.983979,-1.629721,0xDA6FEC2D;
	  f far_plane = 1.100000;
	  x guid = 0x4118B3B3;
	  f horizontal_meters = 4.000000;
	  f lod = 1.000000;
	  f near_plane = 0.100000;
		texture = Art\Bitmaps\Decals\b_d_for01-b.%img%;
	  f vertical_meters = 4.000000;
	}
	[t:decal,n:*]
	{
		decal_orientation = 0.038433,0.999135,0.015871,0.000000,0.015883,-0.999874,-0.999261,0.038428,0.000610;
		decal_origin = 0.002169,-10.999637,-0.766532,0xDA6FEC2D;
	  f far_plane = 1.100000;
	  x guid = 0x7E1A581C;
	  f horizontal_meters = 4.000000;
	  f lod = 1.000000;
	  f near_plane = 0.100000;
		texture = Art\Bitmaps\Decals\b_d_for01-b.%img%;
	  f vertical_meters = 4.000000;
	}
	[t:decal,n:*]
	{
		decal_orientation = -0.874791,0.483318,0.033816,0.000000,0.069795,-0.997561,-0.484500,-0.872658,-0.061056;
		decal_origin = 2.544245,-10.959829,-1.234973,0xDA6FEC2D;
	  f far_plane = 1.100000;
	  x guid = 0x52B87FD9;
	  f horizontal_meters = 4.000000;
	  f lod = 1.000000;
	  f near_plane = 0.100000;
		texture = Art\Bitmaps\Decals\b_d_for01-b.%img%;
	  f vertical_meters = 4.000000;
	}
}
