[decals]
{
	[t:decal,n:*]
	{
		decal_orientation = -0.072973,-0.992786,-0.095135,0.000000,0.095389,-0.995440,0.997334,-0.072641,-0.006961;
		decal_origin = -1.551623,-4.862852,2.464988,0xC1EF0A56;
	  f far_plane = 1.100000;
	  x guid = 0x49AAE9AD;
	  f horizontal_meters = 4.000000;
	  f lod = 1.000000;
	  f near_plane = 0.100000;
		texture = Art\Bitmaps\Decals\b_d_for01-a.%img%;
	  f vertical_meters = 4.000000;
	}
	[t:decal,n:*]
	{
		decal_orientation = 0.000000,0.997054,0.076697,0.000000,0.076697,-0.997054,-1.000000,0.000000,0.000000;
		decal_origin = 0.294636,-4.974381,2.455668,0xC1EF0A56;
	  f far_plane = 1.100000;
	  x guid = 0x217056EA;
	  f horizontal_meters = 4.000000;
	  f lod = 1.000000;
	  f near_plane = 0.100000;
		texture = Art\Bitmaps\Decals\b_d_for01-a.%img%;
	  f vertical_meters = 4.000000;
	}
	[t:decal,n:*]
	{
		decal_orientation = -0.155963,0.987033,0.037972,0.000000,0.038442,-0.999261,-0.987763,-0.155847,-0.005996;
		decal_origin = 1.874516,-4.825340,2.701699,0xC1EF0A56;
	  f far_plane = 1.100000;
	  x guid = 0xE98E7066;
	  f horizontal_meters = 4.000000;
	  f lod = 1.000000;
	  f near_plane = 0.100000;
		texture = Art\Bitmaps\Decals\b_d_for01-a.%img%;
	  f vertical_meters = 4.000000;
	}
	[t:decal,n:*]
	{
		decal_orientation = -0.322263,0.944209,0.067940,0.000000,0.071769,-0.997421,-0.946650,-0.321432,-0.023129;
		decal_origin = 1.763119,-4.845697,4.336364,0xC1EF0A56;
	  f far_plane = 1.100000;
	  x guid = 0x7B4B1245;
	  f horizontal_meters = 4.000000;
	  f lod = 1.000000;
	  f near_plane = 0.100000;
		texture = Art\Bitmaps\Decals\b_d_for01-a.%img%;
	  f vertical_meters = 4.000000;
	}
	[t:decal,n:*]
	{
		decal_orientation = -0.322263,0.944209,0.067940,0.000000,0.071769,-0.997421,-0.946650,-0.321432,-0.023129;
		decal_origin = 0.445100,-4.949843,4.955932,0xC1EF0A56;
	  f far_plane = 1.100000;
	  x guid = 0xF3524D2F;
	  f horizontal_meters = 4.000000;
	  f lod = 1.000000;
	  f near_plane = 0.100000;
		texture = Art\Bitmaps\Decals\b_d_for01-a.%img%;
	  f vertical_meters = 4.000000;
	}
}
